1,reno,375000,53.8,42.7,Mbits/sec,49.633
1,pcc,375000,36.7,49.9,Mbits/sec,46.3417
1,lia,375000,49.3,47.2,Mbits/sec,50.9305
1,reno,1000000,49.6,47.1,Mbits/sec,85.3177
1,pcc,1000000,51.6,35.1,Mbits/sec,78.1445
1,lia,1000000,50.8,45.9,Mbits/sec,68.7029
2,reno,375000,49.3,47.2,Mbits/sec,49.7558
2,pcc,375000,50.3,36.8,Mbits/sec,44.1072
2,lia,375000,49.7,46.9,Mbits/sec,46.8911
2,reno,1000000,1,reno,375000,54.4,42.0,Mbits/sec,49.9173
1,pcc,375000,48.1,37.7,Mbits/sec,44.9854
1,balia,375000,64.6,31.9,Mbits/sec,50.3427
1,bbr,375000,59.5,36.3,Mbits/sec,55.2993
1,lia,375000,55.7,40.8,Mbits/sec,50.8942
1,olia,375000,38.6,57.9,Mbits/sec,52.1608
1,wvegas,375000,28.2,14.0,Mbits/sec,31.3581
1,pcc_loss,375000,44.1,43.9,Mbits/sec,50.452
1,reno,400000,47.6,48.9,Mbits/sec,52.91
1,pcc,400000,37.2,49.0,Mbits/sec,45.0788
1,balia,400000,50.4,46.1,Mbits/sec,48.0744
1,bbr,400000,47.1,49.1,Mbits/sec,56.9646
1,lia,400000,35.6,61.0,Mbits/sec,53.7277
1,olia,400000,49.8,46.8,Mbits/sec,47.3695
1,wvegas,400000,28.2,14.0,Mbits/sec,31.3381
1,pcc_loss,400000,51.5,35.1,Mbits/sec,49.7276
1,reno,550000,62.1,34.5,Mbits/sec,60.5292
1,pcc,550000,46.3,38.9,Mbits/sec,48.9003
1,balia,550000,57.6,39.0,Mbits/sec,54.9047
1,bbr,550000,67.8,27.8,Mbits/sec,61.0251
1,lia,550000,49.6,47.0,Mbits/sec,61.4754
1,olia,550000,57.3,39.2,Mbits/sec,53.9619
1,wvegas,550000,28.2,14.0,Mbits/sec,31.3563
1,pcc_loss,550000,30.5,53.6,Mbits/sec,54.8764
1,reno,700000,54.4,42.2,Mbits/sec,71.7833
1,pcc,700000,44.5,41.3,Mbits/sec,56.808
1,balia,700000,49.5,47.1,Mbits/sec,71.9907
1,bbr,700000,64.5,31.1,Mbits/sec,61.2936
1,lia,700000,49.2,47.4,Mbits/sec,71.2662
1,olia,700000,48.8,47.9,Mbits/sec,71.0422
1,wvegas,700000,28.2,14.0,Mbits/sec,31.3741
1,pcc_loss,700000,43.8,44.0,Mbits/sec,68.7339
1,reno,850000,50.7,46.0,Mbits/sec,83.6617
1,pcc,850000,41.3,44.2,Mbits/sec,56.8762
1,balia,850000,43.4,53.2,Mbits/sec,80.5263
1,bbr,850000,84.3,11.0,Mbits/sec,38.0081
1,lia,850000,53.6,43.1,Mbits/sec,65.3871
1,olia,850000,54.7,42.0,Mbits/sec,63.1429
1,wvegas,850000,26.9,27.1,Mbits/sec,31.2907
1,pcc_loss,850000,48.1,40.2,Mbits/sec,74.9745
1,reno,1000000,50.1,46.6,Mbits/sec,85.3429
1,pcc,1000000,46.3,39.0,Mbits/sec,49.9976
1,balia,1000000,51.5,45.1,Mbits/sec,68.798
1,bbr,1000000,62.9,32.9,Mbits/sec,59.1853
1,lia,1000000,65.4,31.3,Mbits/sec,94.9194
1,olia,1000000,52.3,44.4,Mbits/sec,67.7409
1,wvegas,1000000,26.9,26.7,Mbits/sec,31.2759
1,pcc_loss,1000000,47.0,41.5,Mbits/sec,90.8176
2,reno,375000,52.1,44.4,Mbits/sec,51.2517
2,pcc,375000,36.4,50.8,Mbits/sec,43.4414
2,balia,375000,50.7,45.8,Mbits/sec,51.4338
2,bbr,375000,57.1,39.2,Mbits/sec,54.5579
2,lia,375000,44.6,51.9,Mbits/sec,46.0023
2,olia,375000,49.8,46.8,Mbits/sec,46.621
2,wvegas,375000,28.2,14.0,Mbits/sec,31.3363
2,pcc_loss,375000,38.4,45.2,Mbits/sec,48.1733
2,reno,400000,45.7,51.1,Mbits/sec,51.9898
2,pcc,400000,34.2,51.3,Mbits/sec,44.1463
2,balia,400000,49.4,47.2,Mbits/sec,48.3064
2,bbr,400000,54.9,41.4,Mbits/sec,56.9124
2,lia,400000,48.6,48.1,Mbits/sec,48.1196
2,olia,400000,51.4,45.2,Mbits/sec,47.9522
2,wvegas,400000,28.2,14.0,Mbits/sec,31.3786
2,pcc_loss,400000,36.2,50.4,Mbits/sec,48.927
2,reno,550000,51.8,44.7,Mbits/sec,59.8784
2,pcc,550000,42.0,45.0,Mbits/sec,49.977
2,balia,550000,49.7,46.9,Mbits/sec,60.7931
2,bbr,550000,68.5,27.1,Mbits/sec,57.8691
2,lia,550000,44.0,52.6,Mbits/sec,61.5403
2,olia,550000,57.7,38.9,Mbits/sec,53.6579
2,wvegas,550000,27.9,26.2,Mbits/sec,31.3441
2,pcc_loss,550000,41.4,44.1,Mbits/sec,56.9709
2,reno,700000,45.9,50.7,Mbits/sec,71.6271
2,pcc,700000,54.4,33.1,Mbits/sec,55.3719
2,balia,700000,60.5,36.2,Mbits/sec,60.7458
2,bbr,700000,63.6,32.1,Mbits/sec,61.5955
2,lia,700000,45.5,51.2,Mbits/sec,60.7997
2,olia,700000,49.9,46.7,Mbits/sec,68.6642
2,wvegas,700000,28.2,14.0,Mbits/sec,31.3466
2,pcc_loss,700000,40.0,47.6,Mbits/sec,64.7212
2,reno,850000,50.6,46.1,Mbits/sec,83.7989
2,pcc,850000,43.3,43.8,Mbits/sec,55.9112
2,balia,850000,43.3,53.4,Mbits/sec,80.8019
2,bbr,850000,64.2,31.7,Mbits/sec,58.523
2,lia,850000,55.0,41.7,Mbits/sec,64.9886
2,olia,850000,41.9,54.8,Mbits/sec,80.7476
2,wvegas,850000,28.2,14.0,Mbits/sec,31.3417
2,pcc_loss,850000,53.5,34.9,Mbits/sec,82.4453
2,reno,1000000,57.7,38.9,Mbits/sec,91.8465
2,pcc,1000000,45.3,42.2,Mbits/sec,71.8622
2,balia,1000000,64.2,32.5,Mbits/sec,96.0101
2,bbr,1000000,67.5,28.1,Mbits/sec,50.7631
2,lia,1000000,50.9,45.7,Mbits/sec,68.6053
2,olia,1000000,38.0,58.6,Mbits/sec,88.9108
2,wvegas,1000000,28.2,14.0,Mbits/sec,31.3424
2,pcc_loss,1000000,36.3,52.1,Mbits/sec,85.4069
3,reno,375000,48.3,48.3,Mbits/sec,51.446
3,pcc,375000,39.7,47.8,Mbits/sec,42.3893
3,balia,375000,54.0,42.5,Mbits/sec,50.7858
3,bbr,375000,55.6,40.1,Mbits/sec,46.6119
3,lia,375000,55.7,40.8,Mbits/sec,47.0078
3,olia,375000,47.8,48.8,Mbits/sec,46.391
3,wvegas,375000,28.2,14.1,Mbits/sec,31.3402
3,pcc_loss,375000,40.2,45.3,Mbits/sec,48.1675
3,reno,400000,47.4,49.2,Mbits/sec,51.3247
3,pcc,400000,45.6,39.9,Mbits/sec,44.6921
3,balia,400000,56.4,40.2,Mbits/sec,52.613
3,bbr,400000,68.7,27.5,Mbits/sec,55.2893
3,lia,400000,54.9,41.7,Mbits/sec,48.8099
3,olia,400000,53.7,42.9,Mbits/sec,48.3157
3,wvegas,400000,28.2,14.0,Mbits/sec,31.333
3,pcc_loss,400000,47.8,36.9,Mbits/sec,49.4097
3,reno,550000,49.3,47.2,Mbits/sec,57.1467
3,pcc,550000,35.5,52.3,Mbits/sec,53.2547
3,balia,550000,61.5,35.0,Mbits/sec,60.5718
3,bbr,550000,64.3,31.5,Mbits/sec,55.3987
3,lia,550000,57.7,38.9,Mbits/sec,54.8306
3,olia,550000,55.8,41.0,Mbits/sec,53.9648
3,wvegas,550000,28.2,14.0,Mbits/sec,31.3594
3,pcc_loss,550000,37.6,48.8,Mbits/sec,57.7768
3,reno,700000,52.8,43.8,Mbits/sec,68.732
3,pcc,700000,36.0,50.5,Mbits/sec,53.2768
3,balia,700000,50.2,46.3,Mbits/sec,69.8181
3,bbr,700000,64.8,31.0,Mbits/sec,60.1471
3,lia,700000,61.2,35.4,Mbits/sec,59.0301
3,olia,700000,48.7,48.0,Mbits/sec,71.0151
3,wvegas,700000,28.2,14.0,Mbits/sec,31.3474
3,pcc_loss,700000,49.8,37.9,Mbits/sec,63.5998
3,reno,850000,38.5,58.2,Mbits/sec,84.1614
3,pcc,850000,42.9,44.2,Mbits/sec,55.9169
3,balia,850000,42.5,54.1,Mbits/sec,81.4283
3,bbr,850000,64.1,31.7,Mbits/sec,60.2693
3,lia,850000,47.1,49.6,Mbits/sec,78.1009
3,olia,850000,42.3,54.3,Mbits/sec,80.4177
3,wvegas,850000,28.2,14.0,Mbits/sec,31.3394
3,pcc_loss,850000,48.9,38.6,Mbits/sec,77.2047
3,reno,1000000,50.7,46.0,Mbits/sec,85.1022
3,pcc,1000000,39.6,47.1,Mbits/sec,67.0496
3,balia,1000000,37.7,58.9,Mbits/sec,91.7736
3,bbr,1000000,45.8,50.4,Mbits/sec,49.0457
3,lia,1000000,50.1,46.5,Mbits/sec,69.8848
3,olia,1000000,50.9,45.7,Mbits/sec,67.7854
3,wvegas,1000000,28.2,14.0,Mbits/sec,31.3475
3,pcc_loss,1000000,51.2,36.7,Mbits/sec,82.6033
4,reno,375000,48.5,48.0,Mbits/sec,49.5879
4,pcc,375000,46.9,38.1,Mbits/sec,43.57
4,balia,375000,48.6,47.9,Mbits/sec,46.6781
4,bbr,375000,63.9,31.7,Mbits/sec,53.7417
4,lia,375000,47.3,49.4,Mbits/sec,47.5096
4,olia,375000,50.8,45.7,Mbits/sec,46.2615
4,wvegas,375000,28.2,14.0,Mbits/sec,31.3968
4,pcc_loss,375000,51.4,35.3,Mbits/sec,48.0512
4,reno,400000,51.4,45.2,Mbits/sec,53.4046
4,pcc,400000,35.8,47.2,Mbits/sec,42.9394
4,balia,400000,54.1,42.5,Mbits/sec,52.6199
4,bbr,400000,56.5,40.2,Mbits/sec,53.812
4,lia,400000,49.6,47.0,Mbits/sec,47.82
4,olia,400000,49.9,46.7,Mbits/sec,48.045
4,wvegas,400000,28.2,14.0,Mbits/sec,31.3504
4,pcc_loss,400000,49.7,36.3,Mbits/sec,49.5988
4,reno,550000,51.9,44.6,Mbits/sec,59.8603
4,pcc,550000,50.0,36.0,Mbits/sec,49.2061
4,balia,550000,57.1,39.6,Mbits/sec,54.8273
4,bbr,550000,64.7,31.1,Mbits/sec,59.2921
4,lia,550000,57.4,39.3,Mbits/sec,54.9602
4,olia,550000,57.8,38.8,Mbits/sec,53.7947
4,wvegas,550000,28.2,14.0,Mbits/sec,31.3581
4,pcc_loss,550000,40.8,46.3,Mbits/sec,55.6814
4,reno,700000,51.9,44.7,Mbits/sec,68.68
4,pcc,700000,44.0,43.5,Mbits/sec,56.0084
4,balia,700000,49.1,47.6,Mbits/sec,71.5099
4,bbr,700000,62.8,33.0,Mbits/sec,61.2552
4,lia,700000,54.5,42.2,Mbits/sec,60.4082
4,olia,700000,50.1,46.5,Mbits/sec,68.1772
4,wvegas,700000,28.2,14.0,Mbits/sec,31.3713
4,pcc_loss,700000,48.8,39.0,Mbits/sec,65.7198
4,reno,850000,50.2,46.4,Mbits/sec,83.7633
4,pcc,850000,44.7,42.6,Mbits/sec,67.3632
4,balia,850000,54.6,42.0,Mbits/sec,65.155
4,bbr,850000,63.3,32.6,Mbits/sec,61.115
4,lia,850000,54.4,42.3,Mbits/sec,64.375
4,olia,850000,55.5,41.2,Mbits/sec,62.4459
4,wvegas,850000,28.2,14.0,Mbits/sec,31.3325
4,pcc_loss,850000,51.5,36.7,Mbits/sec,77.9114
4,reno,1000000,49.5,47.2,Mbits/sec,85.4827
4,pcc,1000000,41.9,45.2,Mbits/sec,65.1341
4,balia,1000000,49.8,46.8,Mbits/sec,70.4245
4,bbr,1000000,60.9,34.9,Mbits/sec,60.8217
4,lia,1000000,50.9,45.7,Mbits/sec,68.6153
4,olia,1000000,51.9,44.8,Mbits/sec,67.1439
4,wvegas,1000000,28.2,14.0,Mbits/sec,31.3777
4,pcc_loss,1000000,52.2,34.6,Mbits/sec,83.397
5,reno,375000,48.1,48.4,Mbits/sec,51.291
5,pcc,375000,43.6,40.6,Mbits/sec,43.8673
5,balia,375000,53.4,43.2,Mbits/sec,50.5583
5,bbr,375000,85.0,10.3,Mbits/sec,38.3932
5,lia,375000,48.8,47.7,Mbits/sec,46.836
5,olia,375000,38.5,58.0,Mbits/sec,51.8453
5,wvegas,375000,28.2,14.0,Mbits/sec,31.3805
5,pcc_loss,375000,45.3,40.7,Mbits/sec,47.8253
5,reno,400000,46.7,49.9,Mbits/sec,51.279
5,pcc,400000,36.2,48.7,Mbits/sec,44.0865
5,balia,400000,53.9,42.7,Mbits/sec,52.5164
5,bbr,400000,87.3,7.93,Mbits/sec,50.4071
5,lia,400000,48.6,48.0,Mbits/sec,52.4462
5,olia,400000,36.5,60.1,Mbits/sec,53.7315
5,wvegas,400000,28.2,14.0,Mbits/sec,31.3807
5,pcc_loss,400000,39.4,46.4,Mbits/sec,49.6931
5,reno,550000,45.5,51.2,Mbits/sec,60.9508
5,pcc,550000,46.1,39.9,Mbits/sec,48.2751
5,balia,550000,57.3,39.3,Mbits/sec,54.7873
5,bbr,550000,62.6,33.5,Mbits/sec,59.3667
5,lia,550000,44.4,52.2,Mbits/sec,61.9102
5,olia,550000,56.9,39.8,Mbits/sec,53.2555
5,wvegas,550000,28.2,14.0,Mbits/sec,31.3859
5,pcc_loss,550000,48.9,39.5,Mbits/sec,58.4865
5,reno,700000,60.9,35.9,Mbits/sec,69.1389
5,pcc,700000,45.6,40.1,Mbits/sec,58.4002
5,balia,700000,57.2,39.5,Mbits/sec,58.9423
5,bbr,700000,85.0,10.3,Mbits/sec,40.3206
5,lia,700000,54.7,42.0,Mbits/sec,58.9759
5,olia,700000,49.6,47.0,Mbits/sec,69.4377
5,wvegas,700000,28.2,14.0,Mbits/sec,31.3406
5,pcc_loss,700000,51.9,34.3,Mbits/sec,64.7711
5,reno,850000,50.5,46.2,Mbits/sec,83.6046
5,pcc,850000,48.3,37.6,Mbits/sec,66.2837
5,balia,850000,43.3,53.3,Mbits/sec,81.3139
5,bbr,850000,42.8,53.4,Mbits/sec,59.6967
5,lia,850000,66.5,30.2,Mbits/sec,84.9819
5,olia,850000,55.4,41.3,Mbits/sec,62.7053
5,wvegas,850000,28.2,14.0,Mbits/sec,31.3588
5,pcc_loss,850000,50.8,36.0,Mbits/sec,78.4453
5,reno,1000000,44.9,51.8,Mbits/sec,91.8205
5,pcc,1000000,37.1,49.0,Mbits/sec,68.5634
5,balia,1000000,64.3,32.3,Mbits/sec,95.0468
5,bbr,1000000,67.0,28.6,Mbits/sec,62.0121
5,lia,1000000,50.6,46.1,Mbits/sec,69.522
5,olia,1000000,49.7,47.0,Mbits/sec,68.4364
5,wvegas,1000000,28.2,14.2,Mbits/sec,31.3536
5,pcc_loss,1000000,39.0,49.1,Mbits/sec,86.2835
6,reno,375000,57.0,39.5,Mbits/sec,50.3389
6,pcc,375000,35.9,50.5,Mbits/sec,44.7841
6,balia,375000,38.8,57.9,Mbits/sec,51.0648
6,bbr,375000,85.2,10.0,Mbits/sec,39.9442
6,lia,375000,56.6,39.9,Mbits/sec,47.6242
6,olia,375000,50.3,46.2,Mbits/sec,46.3898
6,wvegas,375000,28.1,14.0,Mbits/sec,31.363
6,pcc_loss,375000,47.7,37.9,Mbits/sec,46.1579
6,reno,400000,45.0,51.7,Mbits/sec,49.3911
6,pcc,400000,52.4,32.8,Mbits/sec,46.3115
6,balia,400000,50.5,46.1,Mbits/sec,48.4251
6,bbr,400000,44.5,51.8,Mbits/sec,56.524
6,lia,400000,48.5,48.2,Mbits/sec,48.122
6,olia,400000,55.9,40.8,Mbits/sec,52.3796
6,wvegas,400000,28.2,14.0,Mbits/sec,31.4073
6,pcc_loss,400000,50.7,36.3,Mbits/sec,48.2819
6,reno,550000,56.7,39.9,Mbits/sec,60.4526
6,pcc,550000,47.9,38.4,Mbits/sec,51.3152
6,balia,550000,55.9,40.8,Mbits/sec,54.7942
6,bbr,550000,67.2,28.4,Mbits/sec,60.9062
6,lia,550000,57.3,39.3,Mbits/sec,54.9303
6,olia,550000,57.7,39.0,Mbits/sec,54.4421
6,wvegas,550000,28.3,14.1,Mbits/sec,31.3457
6,pcc_loss,550000,39.8,46.0,Mbits/sec,60.5669
6,reno,700000,58.4,38.3,Mbits/sec,73.9392
6,pcc,700000,44.9,39.5,Mbits/sec,56.6042
6,balia,700000,46.0,50.6,Mbits/sec,71.9361
6,bbr,700000,58.2,37.8,Mbits/sec,58.894
6,lia,700000,48.6,48.1,Mbits/sec,72.1752
6,olia,700000,50.3,46.3,Mbits/sec,68.3645
6,wvegas,700000,28.2,14.0,Mbits/sec,31.3278
6,pcc_loss,700000,41.2,45.2,Mbits/sec,65.8665
6,reno,850000,39.7,57.0,Mbits/sec,84.1033
6,pcc,850000,56.6,30.0,Mbits/sec,69.2367
6,balia,850000,41.7,54.9,Mbits/sec,80.3938
6,bbr,850000,66.3,29.5,Mbits/sec,50.0439
6,lia,850000,53.9,42.7,Mbits/sec,64.7475
6,olia,850000,55.4,41.3,Mbits/sec,63.1472
6,wvegas,850000,27.7,26.5,Mbits/sec,31.3281
6,pcc_loss,850000,53.4,33.9,Mbits/sec,69.9593
6,reno,1000000,56.5,40.2,Mbits/sec,86.1216
6,pcc,1000000,41.8,42.9,Mbits/sec,67.8774
6,balia,1000000,38.3,58.3,Mbits/sec,90.5425
6,bbr,1000000,60.5,35.4,Mbits/sec,55.8511
6,lia,1000000,37.9,58.7,Mbits/sec,89.7962
6,olia,1000000,46.5,50.2,Mbits/sec,85.3392
6,wvegas,1000000,28.2,14.0,Mbits/sec,31.3506
6,pcc_loss,1000000,35.6,50.7,Mbits/sec,79.1723
7,reno,375000,48.5,48.0,Mbits/sec,51.2774
7,pcc,375000,42.7,43.8,Mbits/sec,44.2881
7,balia,375000,45.2,51.4,Mbits/sec,51.0437
7,bbr,375000,53.2,42.7,Mbits/sec,55.4501
7,lia,375000,55.0,41.5,Mbits/sec,46.4992
7,olia,375000,54.5,42.0,Mbits/sec,46.8637
7,wvegas,375000,28.2,14.0,Mbits/sec,31.3456
7,pcc_loss,375000,49.9,35.2,Mbits/sec,46.1305
7,reno,400000,47.3,49.3,Mbits/sec,52.8226
7,pcc,400000,42.2,42.6,Mbits/sec,44.5144
7,balia,400000,54.5,42.2,Mbits/sec,52.6711
7,bbr,400000,49.6,46.4,Mbits/sec,57.2109
7,lia,400000,49.0,47.7,Mbits/sec,48.5357
7,olia,400000,56.3,40.3,Mbits/sec,52.536
7,wvegas,400000,28.2,14.0,Mbits/sec,31.3386
7,pcc_loss,400000,40.9,45.7,Mbits/sec,52.4207
7,reno,550000,52.3,44.3,Mbits/sec,60.1804
7,pcc,550000,49.7,38.2,Mbits/sec,49.0174
7,balia,550000,34.9,61.6,Mbits/sec,57.9588
7,bbr,550000,85.5,9.71,Mbits/sec,40.7601
7,lia,550000,57.1,39.5,Mbits/sec,54.0583
7,olia,550000,45.8,50.8,Mbits/sec,62.1799
7,wvegas,550000,28.2,14.0,Mbits/sec,31.3755
7,pcc_loss,550000,44.5,40.2,Mbits/sec,57.0659
7,reno,700000,39.1,57.5,Mbits/sec,73.8306
7,pcc,700000,37.9,48.0,Mbits/sec,58.7482
7,balia,700000,49.2,47.4,Mbits/sec,71.43
7,bbr,700000,62.6,33.4,Mbits/sec,57.7084
7,lia,700000,50.0,46.6,Mbits/sec,69.451
7,olia,700000,49.3,47.3,Mbits/sec,69.7285
7,wvegas,700000,28.2,14.0,Mbits/sec,31.3846
7,pcc_loss,700000,41.6,44.8,Mbits/sec,66.5872
7,reno,850000,50.3,46.4,Mbits/sec,83.7177
7,pcc,850000,38.6,49.1,Mbits/sec,58.4094
7,balia,850000,43.4,53.3,Mbits/sec,80.4329
7,bbr,850000,61.8,34.0,Mbits/sec,60.2935
7,lia,850000,42.8,53.8,Mbits/sec,81.0633
7,olia,850000,44.4,52.2,Mbits/sec,77.5862
7,wvegas,850000,28.2,14.0,Mbits/sec,31.3855
7,pcc_loss,850000,43.9,43.9,Mbits/sec,73.8224
7,reno,1000000,50.3,46.3,Mbits/sec,84.5497
7,pcc,1000000,44.5,39.6,Mbits/sec,64.3206
7,balia,1000000,64.7,31.9,Mbits/sec,97.6064
7,bbr,1000000,67.1,28.3,Mbits/sec,62.2931
7,lia,1000000,51.1,45.6,Mbits/sec,69.257
7,olia,1000000,64.2,32.4,Mbits/sec,93.2882
7,wvegas,1000000,28.2,14.0,Mbits/sec,31.339
7,pcc_loss,1000000,42.7,46.6,Mbits/sec,86.0993
8,reno,375000,48.3,48.2,Mbits/sec,51.342
8,pcc,375000,42.8,44.4,Mbits/sec,41.5639
8,balia,375000,50.0,46.5,Mbits/sec,51.5156
8,bbr,375000,55.5,41.0,Mbits/sec,54.5939
8,lia,375000,55.8,40.7,Mbits/sec,47.1723
8,olia,375000,50.8,45.6,Mbits/sec,47.0476
8,wvegas,375000,26.9,26.6,Mbits/sec,31.2943
8,pcc_loss,375000,38.7,47.2,Mbits/sec,47.3165
8,reno,400000,46.2,50.4,Mbits/sec,51.6746
8,pcc,400000,42.9,44.7,Mbits/sec,46.2723
8,balia,400000,52.6,44.0,Mbits/sec,47.7834
8,bbr,400000,65.3,30.2,Mbits/sec,51.3533
8,lia,400000,49.0,47.6,Mbits/sec,47.9878
8,olia,400000,49.5,47.2,Mbits/sec,48.2769
8,wvegas,400000,28.2,14.0,Mbits/sec,31.3558
8,pcc_loss,400000,42.3,45.9,Mbits/sec,50.1586
8,reno,550000,39.1,57.5,Mbits/sec,62.4276
8,pcc,550000,35.0,49.7,Mbits/sec,46.6984
8,balia,550000,56.4,40.2,Mbits/sec,54.7465
8,bbr,550000,54.4,41.8,Mbits/sec,48.8801
8,lia,550000,57.6,39.0,Mbits/sec,55.0871
8,olia,550000,46.2,50.5,Mbits/sec,62.5002
8,wvegas,550000,28.2,14.0,Mbits/sec,31.3282
8,pcc_loss,550000,40.1,37.7,Mbits/sec,53.1818
8,reno,700000,58.6,38.0,Mbits/sec,74.0494
8,pcc,700000,47.2,40.3,Mbits/sec,47.3933
8,balia,700000,61.1,35.5,Mbits/sec,58.9855
8,bbr,700000,69.5,26.1,Mbits/sec,59.4026
8,lia,700000,49.6,47.0,Mbits/sec,70.0406
8,olia,700000,61.4,35.2,Mbits/sec,58.6416
8,wvegas,700000,28.2,14.0,Mbits/sec,31.3713
8,pcc_loss,700000,46.1,41.2,Mbits/sec,64.8171
8,reno,850000,36.2,60.4,Mbits/sec,78.0938
8,pcc,850000,40.0,48.4,Mbits/sec,57.1932
8,balia,850000,42.2,54.4,Mbits/sec,82.155
8,bbr,850000,60.2,35.6,Mbits/sec,59.7876
8,lia,850000,42.2,54.5,Mbits/sec,81.4949
8,olia,850000,43.0,53.6,Mbits/sec,78.6912
8,wvegas,850000,28.2,14.0,Mbits/sec,31.3732
8,pcc_loss,850000,50.3,37.7,Mbits/sec,72.4262
8,reno,1000000,45.2,51.5,Mbits/sec,91.9669
8,pcc,1000000,39.3,49.0,Mbits/sec,69.4203
8,balia,1000000,37.1,59.6,Mbits/sec,93.3497
8,bbr,1000000,41.5,54.7,Mbits/sec,62.2616
8,lia,1000000,38.5,58.1,Mbits/sec,89.3926
8,olia,1000000,37.7,59.0,Mbits/sec,89.6476
8,wvegas,1000000,28.2,14.0,Mbits/sec,31.3911
8,pcc_loss,1000000,45.6,42.4,Mbits/sec,86.4977
9,reno,375000,55.6,40.9,Mbits/sec,51.0777
9,pcc,375000,45.6,37.6,Mbits/sec,42.703
9,balia,375000,51.5,45.0,Mbits/sec,51.7009
9,bbr,375000,56.8,39.2,Mbits/sec,49.4611
9,lia,375000,48.4,48.2,Mbits/sec,46.6337
9,olia,375000,55.9,40.6,Mbits/sec,51.1586
9,wvegas,375000,28.2,14.0,Mbits/sec,31.3408
9,pcc_loss,375000,40.9,46.8,Mbits/sec,47.4539
9,reno,400000,47.6,49.0,Mbits/sec,52.6133
9,pcc,400000,51.1,35.5,Mbits/sec,44.0588
9,balia,400000,37.8,58.8,Mbits/sec,53.3934
9,bbr,400000,62.9,32.9,Mbits/sec,45.4913
9,lia,400000,54.7,41.8,Mbits/sec,48.5742
9,olia,400000,47.8,48.9,Mbits/sec,52.451
9,wvegas,400000,28.2,14.0,Mbits/sec,31.3837
9,pcc_loss,400000,40.8,45.2,Mbits/sec,48.7098
9,reno,550000,45.9,50.7,Mbits/sec,61.3116
9,pcc,550000,44.5,43.4,Mbits/sec,49.3313
9,balia,550000,57.4,39.2,Mbits/sec,55.4117
9,bbr,550000,63.4,32.6,Mbits/sec,59.3436
9,lia,550000,50.6,46.0,Mbits/sec,61.4587
9,olia,550000,57.2,39.4,Mbits/sec,53.9296
9,wvegas,550000,28.2,14.0,Mbits/sec,31.3726
9,pcc_loss,550000,41.3,47.2,Mbits/sec,62.9229
9,reno,700000,52.9,43.7,Mbits/sec,72.0327
9,pcc,700000,36.0,48.8,Mbits/sec,62.1004
9,balia,700000,61.7,34.8,Mbits/sec,59.3902
9,bbr,700000,66.7,29.0,Mbits/sec,60.2554
9,lia,700000,57.9,38.8,Mbits/sec,59.5681
9,olia,700000,60.4,36.4,Mbits/sec,59.8675
9,wvegas,700000,28.2,14.1,Mbits/sec,31.3487
9,pcc_loss,700000,40.4,45.1,Mbits/sec,64.3086
9,reno,850000,57.0,39.7,Mbits/sec,75.6191
9,pcc,850000,42.1,44.7,Mbits/sec,64.5584
9,balia,850000,43.2,53.5,Mbits/sec,80.0535
9,bbr,850000,45.0,51.2,Mbits/sec,61.5761
9,lia,850000,61.2,35.5,Mbits/sec,65.6213
9,olia,850000,54.2,42.5,Mbits/sec,64.2339
9,wvegas,850000,28.2,14.0,Mbits/sec,31.379
9,pcc_loss,850000,50.5,37.9,Mbits/sec,78.2473
9,reno,1000000,45.0,51.7,Mbits/sec,91.9911
9,pcc,1000000,42.7,44.2,Mbits/sec,70.4066
9,balia,1000000,50.4,46.3,Mbits/sec,68.7544
9,bbr,1000000,46.0,50.1,Mbits/sec,62.0584
9,lia,1000000,36.7,59.9,Mbits/sec,92.0944
9,olia,1000000,64.2,32.4,Mbits/sec,92.8823
9,wvegas,1000000,28.2,14.0,Mbits/sec,31.3756
9,pcc_loss,1000000,47.2,41.8,Mbits/sec,86.6889
10,reno,375000,54.0,42.5,Mbits/sec,49.8232
10,pcc,375000,48.0,39.9,Mbits/sec,47.1969
10,balia,375000,50.0,46.5,Mbits/sec,47.0777
10,bbr,375000,46.5,49.4,Mbits/sec,56.5051
10,lia,375000,54.4,42.1,Mbits/sec,51.0408
10,olia,375000,49.9,46.6,Mbits/sec,50.9434
10,wvegas,375000,28.1,14.0,Mbits/sec,31.3526
10,pcc_loss,375000,44.2,43.8,Mbits/sec,47.7274
10,reno,400000,54.5,42.1,Mbits/sec,51.2107
10,pcc,400000,42.4,44.7,Mbits/sec,45.8456
10,balia,400000,52.8,43.9,Mbits/sec,48.0977
10,bbr,400000,57.3,38.9,Mbits/sec,56.0438
10,lia,400000,49.3,47.3,Mbits/sec,48.2806
10,olia,400000,36.9,59.7,Mbits/sec,53.543
10,wvegas,400000,28.2,14.0,Mbits/sec,31.3796
10,pcc_loss,400000,40.4,45.0,Mbits/sec,46.3364
10,reno,550000,52.3,44.3,Mbits/sec,60.1647
10,pcc,550000,38.3,49.4,Mbits/sec,49.8012
10,balia,550000,44.1,52.5,Mbits/sec,61.5568
10,bbr,550000,62.4,33.7,Mbits/sec,60.5827
10,lia,550000,62.0,34.6,Mbits/sec,60.3828
10,olia,550000,57.7,38.9,Mbits/sec,53.568
10,wvegas,550000,28.2,14.0,Mbits/sec,31.351
10,pcc_loss,550000,45.9,40.2,Mbits/sec,55.4254
10,reno,700000,53.2,43.5,Mbits/sec,71.8673
10,pcc,700000,49.4,36.0,Mbits/sec,47.4181
10,balia,700000,59.4,37.3,Mbits/sec,60.2161
10,bbr,700000,64.3,31.5,Mbits/sec,55.5889
10,lia,700000,49.1,47.5,Mbits/sec,71.6925
10,olia,700000,49.9,46.7,Mbits/sec,68.0038
10,wvegas,700000,31.0,14.0,Mbits/sec,31.4045
10,pcc_loss,700000,42.1,45.9,Mbits/sec,64.0529
10,reno,850000,50.6,46.1,Mbits/sec,83.5135
10,pcc,850000,38.8,49.7,Mbits/sec,58.2311
10,balia,850000,42.3,54.3,Mbits/sec,82.0135
10,bbr,850000,68.3,27.1,Mbits/sec,61.6616
10,lia,850000,54.1,42.6,Mbits/sec,64.554
10,olia,850000,42.3,54.3,Mbits/sec,80.0808
10,wvegas,850000,28.2,14.0,Mbits/sec,31.3927
10,pcc_loss,850000,46.8,40.0,Mbits/sec,74.6124
10,reno,1000000,56.1,40.6,Mbits/sec,92.5125
10,pcc,1000000,42.0,43.3,Mbits/sec,67.9245
10,balia,1000000,51.4,45.3,Mbits/sec,69.447
10,bbr,1000000,64.5,31.2,Mbits/sec,59.0374
10,lia,1000000,50.4,46.3,Mbits/sec,68.1651
10,olia,1000000,38.3,58.3,Mbits/sec,89.3229
10,wvegas,1000000,28.2,14.0,Mbits/sec,31.3611
10,pcc_loss,1000000,39.2,47.9,Mbits/sec,82.6917
11,reno,375000,48.8,47.7,Mbits/sec,49.533
11,pcc,375000,39.8,43.2,Mbits/sec,43.0691
11,balia,375000,53.9,42.7,Mbits/sec,46.8891
11,bbr,375000,52.6,43.6,Mbits/sec,46.2363
11,lia,375000,48.2,48.3,Mbits/sec,46.41
11,olia,375000,50.6,45.9,Mbits/sec,46.497
11,wvegas,375000,28.2,14.0,Mbits/sec,31.3229
11,pcc_loss,375000,46.6,40.7,Mbits/sec,48.7239
11,reno,400000,47.4,49.3,Mbits/sec,51.5028
11,pcc,400000,41.4,45.9,Mbits/sec,43.1807
11,balia,400000,56.2,40.4,Mbits/sec,48.9526
11,bbr,400000,56.0,40.3,Mbits/sec,56.7068
11,lia,400000,56.1,40.6,Mbits/sec,49.8802
11,olia,400000,54.9,41.7,Mbits/sec,48.5831
11,wvegas,400000,28.1,14.0,Mbits/sec,31.3602
11,pcc_loss,400000,44.4,43.6,Mbits/sec,52.2764
11,reno,550000,49.4,47.3,Mbits/sec,62.8056
11,pcc,550000,40.6,46.7,Mbits/sec,48.2196
11,balia,550000,49.3,47.3,Mbits/sec,61.0671
11,bbr,550000,71.0,24.4,Mbits/sec,57.7304
11,lia,550000,57.8,38.8,Mbits/sec,54.4747
11,olia,550000,56.9,39.8,Mbits/sec,54.3403
11,wvegas,550000,28.2,14.0,Mbits/sec,31.3242
11,pcc_loss,550000,49.8,38.7,Mbits/sec,56.9918
11,reno,700000,52.4,44.3,Mbits/sec,68.7977
11,pcc,700000,44.3,43.3,Mbits/sec,54.262
11,balia,700000,50.4,46.2,Mbits/sec,70.0078
11,bbr,700000,46.0,50.2,Mbits/sec,61.2003
11,lia,700000,49.7,47.0,Mbits/sec,70.4725
11,olia,700000,59.5,37.1,Mbits/sec,57.8205
11,wvegas,700000,28.2,14.0,Mbits/sec,31.3787
11,pcc_loss,700000,42.3,43.8,Mbits/sec,63.8131
11,reno,850000,50.3,46.4,Mbits/sec,83.4004
11,pcc,850000,40.7,46.8,Mbits/sec,55.3979
11,balia,850000,56.1,40.5,Mbits/sec,63.3979
11,bbr,850000,48.0,48.1,Mbits/sec,61.7996
11,lia,850000,67.4,29.3,Mbits/sec,84.4017
11,olia,850000,55.1,41.6,Mbits/sec,62.6789
11,wvegas,850000,28.2,14.0,Mbits/sec,31.4094
11,pcc_loss,850000,48.9,37.9,Mbits/sec,76.0416
11,reno,1000000,55.3,41.3,Mbits/sec,92.6505
11,pcc,1000000,44.0,43.5,Mbits/sec,70.3406
11,balia,1000000,57.4,39.2,Mbits/sec,72.0663
11,bbr,1000000,53.0,43.2,Mbits/sec,49.8583
11,lia,1000000,38.4,58.2,Mbits/sec,90.4626
11,olia,1000000,56.7,39.9,Mbits/sec,68.3528
11,wvegas,1000000,28.2,14.0,Mbits/sec,31.3547
11,pcc_loss,1000000,42.3,45.2,Mbits/sec,84.5612
12,reno,375000,48.9,47.6,Mbits/sec,49.7912
12,pcc,375000,43.9,42.3,Mbits/sec,46.1837
12,balia,375000,39.9,56.6,Mbits/sec,51.0634
12,bbr,375000,59.7,36.9,Mbits/sec,55.719
12,lia,375000,54.4,42.1,Mbits/sec,50.828
12,olia,375000,55.1,41.4,Mbits/sec,46.5804
12,wvegas,375000,26.9,26.9,Mbits/sec,31.3403
12,pcc_loss,375000,50.4,34.8,Mbits/sec,47.3416
12,reno,400000,46.4,50.2,Mbits/sec,52.9466
12,pcc,400000,49.9,36.6,Mbits/sec,44.3678
12,balia,400000,48.8,47.8,Mbits/sec,48.2845
12,bbr,400000,61.2,35.2,Mbits/sec,56.4624
12,lia,400000,49.1,47.5,Mbits/sec,47.8402
12,olia,400000,54.3,42.3,Mbits/sec,48.5372
12,wvegas,400000,28.2,14.0,Mbits/sec,31.3544
12,pcc_loss,400000,47.1,36.3,Mbits/sec,47.2638
12,reno,550000,52.9,43.7,Mbits/sec,57.1153
12,pcc,550000,46.9,41.1,Mbits/sec,47.8984
12,balia,550000,57.4,39.3,Mbits/sec,56.8275
12,bbr,550000,52.3,43.9,Mbits/sec,61.5356
12,lia,550000,57.8,38.8,Mbits/sec,54.7295
12,olia,550000,58.1,38.5,Mbits/sec,53.4846
12,wvegas,550000,28.1,14.0,Mbits/sec,31.4103
12,pcc_loss,550000,42.1,46.2,Mbits/sec,58.0977
12,reno,700000,52.2,44.5,Mbits/sec,69.0686
12,pcc,700000,40.8,46.4,Mbits/sec,58.6951
12,balia,700000,49.2,47.5,Mbits/sec,71.1544
12,bbr,700000,67.4,28.2,Mbits/sec,59.3372
12,lia,700000,61.3,35.3,Mbits/sec,58.9308
12,olia,700000,50.2,46.4,Mbits/sec,68.3614
12,wvegas,700000,28.2,14.0,Mbits/sec,31.3635
12,pcc_loss,700000,49.0,38.1,Mbits/sec,67.5173
12,reno,850000,50.2,46.5,Mbits/sec,76.4701
12,pcc,850000,44.9,42.1,Mbits/sec,53.8901
12,balia,850000,43.2,53.5,Mbits/sec,81.0914
12,bbr,850000,64.8,31.0,Mbits/sec,61.4457
12,lia,850000,43.1,53.5,Mbits/sec,80.4857
12,olia,850000,45.0,51.6,Mbits/sec,76.9216
12,wvegas,850000,28.2,14.0,Mbits/sec,31.383
12,pcc_loss,850000,50.4,36.1,Mbits/sec,74.8272
12,reno,1000000,60.5,36.1,Mbits/sec,91.4317
12,pcc,1000000,43.6,44.1,Mbits/sec,56.0495
12,balia,1000000,64.4,32.2,Mbits/sec,95.5797
12,bbr,1000000,63.7,32.0,Mbits/sec,61.4107
12,lia,1000000,51.2,45.5,Mbits/sec,68.7105
12,olia,1000000,64.0,32.7,Mbits/sec,94.6633
12,wvegas,1000000,28.2,14.0,Mbits/sec,31.3366
12,pcc_loss,1000000,39.0,47.1,Mbits/sec,80.8981
13,reno,375000,54.5,42.0,Mbits/sec,49.5846
13,pcc,375000,40.5,45.2,Mbits/sec,45.8478
13,balia,375000,45.0,51.6,Mbits/sec,51.0172
13,bbr,375000,41.1,55.1,Mbits/sec,55.8942
13,lia,375000,55.0,41.5,Mbits/sec,47.0272
13,olia,375000,50.7,45.8,Mbits/sec,46.914
13,wvegas,375000,28.2,14.0,Mbits/sec,31.35
13,pcc_loss,375000,36.7,47.8,Mbits/sec,48.5127
13,reno,400000,45.6,51.0,Mbits/sec,53.2357
13,pcc,400000,44.1,41.4,Mbits/sec,45.3685
13,balia,400000,63.8,32.8,Mbits/sec,50.9814
13,bbr,400000,85.5,9.78,Mbits/sec,38.7323
13,lia,400000,47.9,48.8,Mbits/sec,52.9603
13,olia,400000,50.1,46.6,Mbits/sec,48.0984
13,wvegas,400000,28.2,14.0,Mbits/sec,31.3554
13,pcc_loss,400000,51.4,37.2,Mbits/sec,50.4461
13,reno,550000,52.2,44.4,Mbits/sec,60.1796
13,pcc,550000,41.4,45.6,Mbits/sec,50.4139
13,balia,550000,57.5,39.1,Mbits/sec,55.2526
13,bbr,550000,63.5,32.3,Mbits/sec,58.4027
13,lia,550000,57.4,39.2,Mbits/sec,54.6139
13,olia,550000,58.0,38.6,Mbits/sec,54.003
13,wvegas,550000,28.2,14.0,Mbits/sec,31.3632
13,pcc_loss,550000,46.1,42.6,Mbits/sec,57.555
13,reno,700000,45.9,50.7,Mbits/sec,71.6511
13,pcc,700000,44.3,42.5,Mbits/sec,55.3127
13,balia,700000,61.1,35.5,Mbits/sec,59.3545
13,bbr,700000,49.7,46.5,Mbits/sec,54.7908
13,lia,700000,49.1,47.6,Mbits/sec,71.1343
13,olia,700000,49.9,46.7,Mbits/sec,68.6559
13,wvegas,700000,28.2,14.1,Mbits/sec,31.3254
13,pcc_loss,700000,46.8,40.6,Mbits/sec,64.9769
13,reno,850000,56.9,39.8,Mbits/sec,77.0981
13,pcc,850000,43.2,40.7,Mbits/sec,53.7966
13,balia,850000,43.1,53.6,Mbits/sec,80.9792
13,bbr,850000,66.9,28.7,Mbits/sec,52.5484
13,lia,850000,42.8,53.8,Mbits/sec,80.8406
13,olia,850000,43.3,53.4,Mbits/sec,78.9071
13,wvegas,850000,28.2,14.0,Mbits/sec,31.3488
13,pcc_loss,850000,48.1,41.1,Mbits/sec,76.8964
13,reno,1000000,50.5,46.2,Mbits/sec,84.9672
13,pcc,1000000,46.1,40.4,Mbits/sec,57.6241
13,balia,1000000,50.4,46.3,Mbits/sec,69.6381
13,bbr,1000000,63.0,32.9,Mbits/sec,61.4292
13,lia,1000000,51.3,45.4,Mbits/sec,68.9031
13,olia,1000000,51.0,45.6,Mbits/sec,67.8645
13,wvegas,1000000,28.2,14.0,Mbits/sec,31.3595
13,pcc_loss,1000000,47.9,36.0,Mbits/sec,81.563
14,reno,375000,47.9,48.6,Mbits/sec,49.3007
14,pcc,375000,46.7,40.0,Mbits/sec,45.1854
14,balia,375000,50.6,46.0,Mbits/sec,51.5084
14,bbr,375000,47.7,48.3,Mbits/sec,56.9039
14,lia,375000,53.2,43.3,Mbits/sec,50.4149
14,olia,375000,50.9,45.6,Mbits/sec,46.5488
14,wvegas,375000,28.2,14.0,Mbits/sec,31.3409
14,pcc_loss,375000,37.7,49.1,Mbits/sec,47.3218
14,reno,400000,47.3,49.4,Mbits/sec,51.2423
14,pcc,400000,40.7,46.3,Mbits/sec,43.9352
14,balia,400000,36.9,59.8,Mbits/sec,53.0497
14,bbr,400000,43.7,52.4,Mbits/sec,39.9267
14,lia,400000,50.1,46.5,Mbits/sec,48.4861
14,olia,400000,54.7,42.1,Mbits/sec,49.3232
14,wvegas,400000,27.0,26.6,Mbits/sec,31.2966
14,pcc_loss,400000,51.3,34.4,Mbits/sec,49.2551
14,reno,550000,51.9,44.7,Mbits/sec,59.985
14,pcc,550000,43.5,43.7,Mbits/sec,50.0723
14,balia,550000,57.5,39.1,Mbits/sec,54.559
14,bbr,550000,59.3,36.7,Mbits/sec,58.2224
14,lia,550000,57.3,39.3,Mbits/sec,54.5757
14,olia,550000,34.2,62.3,Mbits/sec,57.2172
14,wvegas,550000,28.2,14.0,Mbits/sec,31.3905
14,pcc_loss,550000,41.0,44.5,Mbits/sec,57.1463
14,reno,700000,45.9,50.8,Mbits/sec,71.6422
14,pcc,700000,42.4,42.5,Mbits/sec,54.6409
14,balia,700000,50.6,45.9,Mbits/sec,69.658
14,bbr,700000,65.3,30.4,Mbits/sec,45.7176
14,lia,700000,61.3,35.3,Mbits/sec,59.466
14,olia,700000,61.3,35.2,Mbits/sec,57.7917
14,wvegas,700000,28.2,14.0,Mbits/sec,31.3345
14,pcc_loss,700000,49.8,38.4,Mbits/sec,68.3882
14,reno,850000,54.9,41.8,Mbits/sec,72.0774
14,pcc,850000,48.9,40.3,Mbits/sec,72.4385
14,balia,850000,55.0,41.6,Mbits/sec,64.2595
14,bbr,850000,63.8,31.9,Mbits/sec,48.634
14,lia,850000,43.0,53.6,Mbits/sec,79.7462
14,olia,850000,57.0,39.7,Mbits/sec,64.0047
14,wvegas,850000,28.2,14.0,Mbits/sec,31.3676
14,pcc_loss,850000,44.8,43.5,Mbits/sec,80.7928
14,reno,1000000,55.6,41.0,Mbits/sec,92.3199
14,pcc,1000000,46.7,39.5,Mbits/sec,59.6317
14,balia,1000000,55.0,41.6,Mbits/sec,70.8546
14,bbr,1000000,64.4,31.2,Mbits/sec,48.473
14,lia,1000000,50.8,45.9,Mbits/sec,69.1003
14,olia,1000000,51.1,45.5,Mbits/sec,67.5833
14,wvegas,1000000,28.2,14.0,Mbits/sec,31.385
14,pcc_loss,1000000,54.0,34.8,Mbits/sec,83.334
15,reno,375000,48.9,47.6,Mbits/sec,49.6481
15,pcc,375000,45.4,42.8,Mbits/sec,45.1456
15,balia,375000,49.7,46.8,Mbits/sec,47.0558
15,bbr,375000,84.7,10.6,Mbits/sec,39.2123
15,lia,375000,47.7,48.8,Mbits/sec,46.1637
15,olia,375000,50.3,46.2,Mbits/sec,46.4584
15,wvegas,375000,28.2,14.0,Mbits/sec,31.3533
15,pcc_loss,375000,47.6,39.7,Mbits/sec,49.1863
15,reno,400000,46.0,50.7,Mbits/sec,52.9107
15,pcc,400000,47.9,39.9,Mbits/sec,44.444
15,balia,400000,47.0,49.6,Mbits/sec,52.2911
15,bbr,400000,66.2,30.2,Mbits/sec,46.692
15,lia,400000,56.6,40.0,Mbits/sec,53.0155
15,olia,400000,48.7,48.0,Mbits/sec,52.6095
15,wvegas,400000,28.2,14.0,Mbits/sec,31.3874
15,pcc_loss,400000,41.4,44.0,Mbits/sec,48.1761
15,reno,550000,53.2,43.5,Mbits/sec,62.3957
15,pcc,550000,44.4,43.0,Mbits/sec,54.4466
15,balia,550000,56.5,40.1,Mbits/sec,55.2118
15,bbr,550000,48.6,47.5,Mbits/sec,61.2115
15,lia,550000,57.9,38.7,Mbits/sec,54.6019
15,olia,550000,57.6,39.0,Mbits/sec,53.0946
15,wvegas,550000,28.2,14.0,Mbits/sec,31.3507
15,pcc_loss,550000,40.5,43.6,Mbits/sec,56.0182
15,reno,700000,46.1,50.5,Mbits/sec,71.8283
15,pcc,700000,50.1,35.5,Mbits/sec,57.8054
15,balia,700000,50.1,46.5,Mbits/sec,69.6696
15,bbr,700000,62.1,33.7,Mbits/sec,56.1373
15,lia,700000,49.7,47.0,Mbits/sec,70.4709
15,olia,700000,48.2,48.5,Mbits/sec,71.5507
15,wvegas,700000,28.2,14.0,Mbits/sec,31.3312
15,pcc_loss,700000,48.0,37.0,Mbits/sec,63.3086
15,reno,850000,50.1,46.5,Mbits/sec,83.6493
15,pcc,850000,51.5,35.6,Mbits/sec,55.9515
15,balia,850000,44.1,52.6,Mbits/sec,79.4802
15,bbr,850000,63.9,31.8,Mbits/sec,60.8413
15,lia,850000,55.0,41.6,Mbits/sec,63.7956
15,olia,850000,42.6,54.1,Mbits/sec,79.5489
15,wvegas,850000,28.2,14.0,Mbits/sec,31.3602
15,pcc_loss,850000,43.1,42.8,Mbits/sec,74.7784
15,reno,1000000,50.9,45.7,Mbits/sec,84.8297
15,pcc,1000000,35.1,52.3,Mbits/sec,52.5343
15,balia,1000000,51.0,45.6,Mbits/sec,68.915
15,bbr,1000000,64.8,30.8,Mbits/sec,61.2622
15,lia,1000000,50.6,46.0,Mbits/sec,67.4795
15,olia,1000000,51.1,45.5,Mbits/sec,67.7505
15,wvegas,1000000,28.2,14.0,Mbits/sec,31.3831
15,pcc_loss,1000000,42.7,47.1,Mbits/sec,86.8121
16,reno,375000,48.8,47.8,Mbits/sec,49.5449
16,pcc,375000,42.3,44.6,Mbits/sec,45.8123
16,balia,375000,49.6,47.0,Mbits/sec,51.2782
16,bbr,375000,84.6,10.6,Mbits/sec,37.2426
16,lia,375000,57.1,39.4,Mbits/sec,47.8456
16,olia,375000,57.8,38.7,Mbits/sec,47.8563
16,wvegas,375000,28.2,14.0,Mbits/sec,31.3452
16,pcc_loss,375000,34.9,51.3,Mbits/sec,46.9868
16,reno,400000,47.0,49.7,Mbits/sec,51.6144
16,pcc,400000,41.1,42.0,Mbits/sec,42.3519
16,balia,400000,54.8,41.8,Mbits/sec,48.5849
16,bbr,400000,50.6,45.3,Mbits/sec,52.6286
16,lia,400000,49.2,47.3,Mbits/sec,47.9427
16,olia,400000,54.3,42.2,Mbits/sec,48.2163
16,wvegas,400000,28.2,14.0,Mbits/sec,31.3735
16,pcc_loss,400000,44.8,43.3,Mbits/sec,50.9626
16,reno,550000,52.2,44.4,Mbits/sec,60.1239
16,pcc,550000,43.7,43.1,Mbits/sec,46.2884
16,balia,550000,57.7,38.9,Mbits/sec,54.6088
16,bbr,550000,63.0,32.8,Mbits/sec,58.4883
16,lia,550000,50.2,46.4,Mbits/sec,61.51
16,olia,550000,57.1,39.5,Mbits/sec,53.0559
16,wvegas,550000,28.2,14.0,Mbits/sec,31.3773
16,pcc_loss,550000,41.2,44.4,Mbits/sec,56.9662
16,reno,700000,42.8,53.9,Mbits/sec,69.1674
16,pcc,700000,44.2,43.0,Mbits/sec,53.4604
16,balia,700000,49.6,47.0,Mbits/sec,71.6104
16,bbr,700000,62.7,33.3,Mbits/sec,61.3443
16,lia,700000,50.7,45.8,Mbits/sec,69.1447
16,olia,700000,56.3,40.4,Mbits/sec,58.1119
16,wvegas,700000,26.1,27.8,Mbits/sec,31.3567
16,pcc_loss,700000,37.0,50.9,Mbits/sec,67.3354
16,reno,850000,39.2,57.5,Mbits/sec,84.2341
16,pcc,850000,35.1,50.0,Mbits/sec,60.7983
16,balia,850000,51.5,45.2,Mbits/sec,77.8523
16,bbr,850000,64.4,31.3,Mbits/sec,60.589
16,lia,850000,58.5,38.2,Mbits/sec,65.1197
16,olia,850000,55.3,41.4,Mbits/sec,62.7242
16,wvegas,850000,28.2,14.0,Mbits/sec,31.3461
16,pcc_loss,850000,39.0,50.2,Mbits/sec,82.2638
16,reno,1000000,62.7,34.0,Mbits/sec,85.001
16,pcc,1000000,42.3,43.5,Mbits/sec,68.5466
16,balia,1000000,64.4,32.3,Mbits/sec,96.1119
16,bbr,1000000,63.7,32.0,Mbits/sec,57.5329
16,lia,1000000,50.8,45.9,Mbits/sec,68.6839
16,olia,1000000,52.2,44.4,Mbits/sec,67.0568
16,wvegas,1000000,28.2,14.0,Mbits/sec,31.4292
16,pcc_loss,1000000,43.2,45.4,Mbits/sec,86.833
17,reno,375000,45.2,51.2,Mbits/sec,48.4979
17,pcc,375000,43.6,42.8,Mbits/sec,41.3113
17,balia,375000,48.6,48.2,Mbits/sec,48.299
17,bbr,375000,60.8,35.2,Mbits/sec,48.7496
17,lia,375000,49.9,46.6,Mbits/sec,47.1519
17,olia,375000,56.4,40.1,Mbits/sec,47.2815
17,wvegas,375000,28.2,14.0,Mbits/sec,31.3623
17,pcc_loss,375000,36.3,50.5,Mbits/sec,49.3166
17,reno,400000,47.9,48.7,Mbits/sec,51.161
17,pcc,400000,53.7,31.9,Mbits/sec,45.1239
17,balia,400000,55.9,40.7,Mbits/sec,48.6858
17,bbr,400000,60.9,35.0,Mbits/sec,54.9492
17,lia,400000,48.6,48.1,Mbits/sec,48.4198
17,olia,400000,47.1,49.5,Mbits/sec,52.2243
17,wvegas,400000,28.0,14.0,Mbits/sec,31.3895
17,pcc_loss,400000,40.3,45.3,Mbits/sec,49.3417
17,reno,550000,52.2,44.4,Mbits/sec,60.0391
17,pcc,550000,45.6,41.7,Mbits/sec,50.5847
17,balia,550000,55.1,41.6,Mbits/sec,55.4543
17,bbr,550000,61.6,34.3,Mbits/sec,58.86
17,lia,550000,57.1,39.6,Mbits/sec,54.4192
17,olia,550000,47.0,49.6,Mbits/sec,61.7615
17,wvegas,550000,27.9,26.9,Mbits/sec,31.3006
17,pcc_loss,550000,43.2,44.3,Mbits/sec,57.3897
17,reno,700000,53.5,43.1,Mbits/sec,71.6458
17,pcc,700000,48.0,38.8,Mbits/sec,59.4726
17,balia,700000,50.0,46.5,Mbits/sec,69.9174
17,bbr,700000,68.8,26.7,Mbits/sec,60.4342
17,lia,700000,49.2,47.4,Mbits/sec,71.2162
17,olia,700000,49.4,47.3,Mbits/sec,70.0331
17,wvegas,700000,28.2,14.0,Mbits/sec,31.3312
17,pcc_loss,700000,45.9,40.1,Mbits/sec,63.9945
17,reno,850000,50.1,46.6,Mbits/sec,76.4798
17,pcc,850000,41.9,45.7,Mbits/sec,58.5242
17,balia,850000,44.7,51.9,Mbits/sec,78.915
17,bbr,850000,61.0,35.0,Mbits/sec,58.6563
17,lia,850000,43.2,53.4,Mbits/sec,80.9446
17,olia,850000,43.0,53.7,Mbits/sec,79.5091
17,wvegas,850000,28.2,14.0,Mbits/sec,31.4033
17,pcc_loss,850000,32.2,53.0,Mbits/sec,73.5605
17,reno,1000000,49.3,47.3,Mbits/sec,85.312
17,pcc,1000000,53.0,33.1,Mbits/sec,75.1302
17,balia,1000000,49.7,46.9,Mbits/sec,70.0127
17,bbr,1000000,62.8,33.0,Mbits/sec,58.9605
17,lia,1000000,39.1,57.5,Mbits/sec,91.6355
17,olia,1000000,63.8,32.8,Mbits/sec,93.2427
17,wvegas,1000000,28.2,14.0,Mbits/sec,31.3678
17,pcc_loss,1000000,50.2,37.9,Mbits/sec,86.7108
18,reno,375000,54.0,42.5,Mbits/sec,49.5165
18,pcc,375000,44.1,42.4,Mbits/sec,44.0834
18,balia,375000,57.7,38.9,Mbits/sec,50.5337
18,bbr,375000,47.5,48.8,Mbits/sec,48.7898
18,lia,375000,50.6,46.0,Mbits/sec,51.3597
18,olia,375000,48.3,48.4,Mbits/sec,48.156
18,wvegas,375000,27.8,14.0,Mbits/sec,31.3843
18,pcc_loss,375000,49.1,38.7,Mbits/sec,51.0072
18,reno,400000,47.2,49.5,Mbits/sec,52.9147
18,pcc,400000,42.4,45.1,Mbits/sec,43.579
18,balia,400000,55.6,41.0,Mbits/sec,52.8459
18,bbr,400000,59.8,36.1,Mbits/sec,55.9115
18,lia,400000,55.8,40.8,Mbits/sec,53.0525
18,olia,400000,56.1,40.4,Mbits/sec,52.9911
18,wvegas,400000,28.2,14.0,Mbits/sec,31.3368
18,pcc_loss,400000,38.5,48.4,Mbits/sec,47.3842
18,reno,550000,51.4,45.3,Mbits/sec,59.8293
18,pcc,550000,44.6,43.7,Mbits/sec,50.3238
18,balia,550000,57.1,39.5,Mbits/sec,55.0162
18,bbr,550000,63.5,32.5,Mbits/sec,60.4086
18,lia,550000,57.1,39.5,Mbits/sec,54.865
18,olia,550000,44.2,52.4,Mbits/sec,62.2249
18,wvegas,550000,28.2,14.0,Mbits/sec,31.3633
18,pcc_loss,550000,53.4,33.4,Mbits/sec,55.8326
18,reno,700000,45.9,50.8,Mbits/sec,71.5667
18,pcc,700000,39.4,48.4,Mbits/sec,56.0673
18,balia,700000,60.9,35.7,Mbits/sec,59.4168
18,bbr,700000,64.2,31.7,Mbits/sec,59.2249
18,lia,700000,50.2,46.4,Mbits/sec,69.3574
18,olia,700000,50.2,46.3,Mbits/sec,68.4359
18,wvegas,700000,28.2,14.0,Mbits/sec,31.3621
18,pcc_loss,700000,43.0,41.5,Mbits/sec,65.7112
18,reno,850000,50.3,46.3,Mbits/sec,83.5855
18,pcc,850000,34.9,52.8,Mbits/sec,67.2809
18,balia,850000,42.2,54.4,Mbits/sec,81.9226
18,bbr,850000,64.9,30.9,Mbits/sec,52.9668
18,lia,850000,43.9,52.8,Mbits/sec,80.1121
18,olia,850000,61.0,35.7,Mbits/sec,63.3303
18,wvegas,850000,28.2,14.0,Mbits/sec,31.3607
18,pcc_loss,850000,48.4,38.6,Mbits/sec,75.1567
18,reno,1000000,51.7,45.0,Mbits/sec,84.7782
18,pcc,1000000,42.8,42.9,Mbits/sec,57.1902
18,balia,1000000,38.5,58.2,Mbits/sec,90.6329
18,bbr,1000000,46.6,49.7,Mbits/sec,48.2293
18,lia,1000000,64.1,32.5,Mbits/sec,94.5533
18,olia,1000000,51.3,45.4,Mbits/sec,67.1133
18,wvegas,1000000,28.2,14.0,Mbits/sec,31.3588
18,pcc_loss,1000000,48.2,38.7,Mbits/sec,82.2085
19,reno,375000,48.4,48.0,Mbits/sec,48.4127
19,pcc,375000,40.7,43.5,Mbits/sec,43.7356
19,balia,375000,56.6,39.9,Mbits/sec,50.8583
19,bbr,375000,50.9,45.5,Mbits/sec,55.0079
19,lia,375000,48.1,48.5,Mbits/sec,47.0444
19,olia,375000,50.2,46.2,Mbits/sec,46.5347
19,wvegas,375000,28.0,26.8,Mbits/sec,31.3199
19,pcc_loss,375000,42.8,43.9,Mbits/sec,47.1241
19,reno,400000,45.6,51.2,Mbits/sec,52.1472
19,pcc,400000,33.0,50.9,Mbits/sec,44.5858
19,balia,400000,72.1,24.5,Mbits/sec,54.3466
19,bbr,400000,61.4,34.4,Mbits/sec,55.863
19,lia,400000,54.0,42.7,Mbits/sec,48.0354
19,olia,400000,66.1,30.5,Mbits/sec,52.9594
19,wvegas,400000,28.2,14.0,Mbits/sec,31.3335
19,pcc_loss,400000,42.7,44.5,Mbits/sec,50.7636
19,reno,550000,49.0,47.6,Mbits/sec,57.312
19,pcc,550000,49.0,39.1,Mbits/sec,54.3483
19,balia,550000,52.0,44.5,Mbits/sec,62.7393
19,bbr,550000,65.4,30.1,Mbits/sec,48.5074
19,lia,550000,58.0,38.5,Mbits/sec,54.9225
19,olia,550000,58.0,38.6,Mbits/sec,54.0343
19,wvegas,550000,28.2,14.0,Mbits/sec,31.3771
19,pcc_loss,550000,52.4,35.7,Mbits/sec,58.4894
19,reno,700000,51.7,44.9,Mbits/sec,70.5134
19,pcc,700000,34.5,53.1,Mbits/sec,53.8873
19,balia,700000,49.9,46.7,Mbits/sec,70.4614
19,bbr,700000,66.6,29.4,Mbits/sec,60.5513
19,lia,700000,49.1,47.5,Mbits/sec,71.8736
19,olia,700000,61.5,35.2,Mbits/sec,57.9424
19,wvegas,700000,28.2,14.0,Mbits/sec,31.3571
19,pcc_loss,700000,40.6,46.5,Mbits/sec,64.4406
19,reno,850000,53.6,43.1,Mbits/sec,75.8969
19,pcc,850000,46.2,40.5,Mbits/sec,55.5933
19,balia,850000,42.2,54.4,Mbits/sec,82.8131
19,bbr,850000,64.6,31.3,Mbits/sec,56.0453
19,lia,850000,55.8,40.8,Mbits/sec,63.7786
19,olia,850000,42.4,54.3,Mbits/sec,80.214
19,wvegas,850000,28.2,21.7,Mbits/sec,31.3737
19,pcc_loss,850000,34.4,54.2,Mbits/sec,78.1607
19,reno,1000000,49.0,47.7,Mbits/sec,85.3281
19,pcc,1000000,44.8,42.5,Mbits/sec,73.2192
19,balia,1000000,64.9,31.7,Mbits/sec,96.8232
19,bbr,1000000,51.1,45.1,Mbits/sec,61.9069
19,lia,1000000,45.5,51.1,Mbits/sec,86.2441
19,olia,1000000,63.7,32.9,Mbits/sec,93.4962
19,wvegas,1000000,28.2,14.0,Mbits/sec,31.3682
19,pcc_loss,1000000,41.0,47.6,Mbits/sec,86.8594
20,reno,375000,43.4,53.1,Mbits/sec,50.0241
20,pcc,375000,60.0,27.4,Mbits/sec,44.3093
20,balia,375000,49.6,47.0,Mbits/sec,47.7283
20,bbr,375000,59.4,36.8,Mbits/sec,48.8126
20,lia,375000,49.8,46.7,Mbits/sec,47.0984
20,olia,375000,55.7,40.8,Mbits/sec,51.1794
20,wvegas,375000,28.2,14.0,Mbits/sec,31.3657
20,pcc_loss,375000,42.7,39.0,Mbits/sec,45.6033
20,reno,400000,47.6,49.1,Mbits/sec,51.8305
20,pcc,400000,40.9,46.9,Mbits/sec,47.5412
20,balia,400000,49.0,47.7,Mbits/sec,48.325
20,bbr,400000,61.1,34.9,Mbits/sec,55.7729
20,lia,400000,48.8,47.8,Mbits/sec,52.2856
20,olia,400000,49.8,46.9,Mbits/sec,48.1533
20,wvegas,400000,28.2,14.0,Mbits/sec,31.3666
20,pcc_loss,400000,51.9,36.3,Mbits/sec,50.6959
20,reno,550000,51.5,45.3,Mbits/sec,57.6049
20,pcc,550000,50.4,35.9,Mbits/sec,46.078
20,balia,550000,61.1,35.5,Mbits/sec,60.5676
20,bbr,550000,61.2,34.8,Mbits/sec,60.7983
20,lia,550000,56.9,39.7,Mbits/sec,54.6805
20,olia,550000,56.7,39.9,Mbits/sec,52.7573
20,wvegas,550000,28.2,14.0,Mbits/sec,31.3982
20,pcc_loss,550000,40.5,42.8,Mbits/sec,56.9415
20,reno,700000,42.2,54.5,Mbits/sec,69.2584
20,pcc,700000,51.1,34.5,Mbits/sec,58.3841
20,balia,700000,50.1,46.5,Mbits/sec,70.2397
20,bbr,700000,61.1,34.9,Mbits/sec,61.315
20,lia,700000,60.0,36.6,Mbits/sec,59.698
20,olia,700000,49.9,46.6,Mbits/sec,68.1013
20,wvegas,700000,28.2,14.0,Mbits/sec,31.3362
20,pcc_loss,700000,37.5,48.1,Mbits/sec,61.1089
20,reno,850000,50.4,46.3,Mbits/sec,83.5247
20,pcc,850000,36.4,50.2,Mbits/sec,60.4597
20,balia,850000,44.3,52.4,Mbits/sec,79.8279
20,bbr,850000,58.7,37.3,Mbits/sec,61.4515
20,lia,850000,42.9,53.8,Mbits/sec,80.3416
20,olia,850000,55.2,41.4,Mbits/sec,63.195
20,wvegas,850000,28.3,14.0,Mbits/sec,31.4451
20,pcc_loss,850000,46.0,41.8,Mbits/sec,75.1771
20,reno,1000000,49.4,47.3,Mbits/sec,85.3717
20,pcc,1000000,43.1,45.4,Mbits/sec,76.8685
20,balia,1000000,50.7,46.0,Mbits/sec,68.8529
20,bbr,1000000,61.9,33.9,Mbits/sec,56.1314
20,lia,1000000,50.3,46.4,Mbits/sec,68.833
20,olia,1000000,50.9,45.8,Mbits/sec,68.5085
20,wvegas,1000000,28.1,14.0,Mbits/sec,31.3971
20,pcc_loss,1000000,53.2,33.8,Mbits/sec,86.6833
21,reno,375000,48.4,48.1,Mbits/sec,51.2418
21,pcc,375000,44.7,41.8,Mbits/sec,43.1796
21,balia,375000,64.8,31.8,Mbits/sec,50.5953
21,bbr,375000,60.7,35.2,Mbits/sec,50.5753
21,lia,375000,35.4,61.1,Mbits/sec,52.2138
21,olia,375000,50.3,46.2,Mbits/sec,46.7378
21,wvegas,375000,28.0,14.0,Mbits/sec,31.4122
21,pcc_loss,375000,43.9,42.1,Mbits/sec,46.3026
21,reno,400000,43.9,52.7,Mbits/sec,52.853
21,pcc,400000,47.7,39.6,Mbits/sec,46.3023
21,balia,400000,47.9,48.7,Mbits/sec,48.0821
21,bbr,400000,56.1,40.0,Mbits/sec,51.9787
21,lia,400000,28.0,67.7,Mbits/sec,47.2013
21,olia,400000,53.7,42.9,Mbits/sec,48.6342
21,wvegas,400000,28.2,14.0,Mbits/sec,31.3384
21,pcc_loss,400000,47.7,40.0,Mbits/sec,51.0421
21,reno,550000,57.1,39.5,Mbits/sec,60.372
21,pcc,550000,46.3,40.6,Mbits/sec,49.6175
21,balia,550000,58.2,38.3,Mbits/sec,55.5335
21,bbr,550000,41.8,54.4,Mbits/sec,48.6238
21,lia,550000,60.8,35.9,Mbits/sec,60.7235
21,olia,550000,55.6,41.1,Mbits/sec,53.612
21,wvegas,550000,28.2,14.0,Mbits/sec,31.3312
21,pcc_loss,550000,48.7,37.6,Mbits/sec,58.1926
21,reno,700000,52.8,43.7,Mbits/sec,68.4519
21,pcc,700000,36.6,49.7,Mbits/sec,58.7232
21,balia,700000,49.5,47.1,Mbits/sec,71.1016
21,bbr,700000,61.7,34.1,Mbits/sec,55.7011
21,lia,700000,48.5,48.2,Mbits/sec,72.7363
21,olia,700000,49.9,46.8,Mbits/sec,58.8198
21,wvegas,700000,26.1,27.8,Mbits/sec,31.3429
21,pcc_loss,700000,38.2,48.6,Mbits/sec,65.0395
21,reno,850000,51.2,45.5,Mbits/sec,83.1574
21,pcc,850000,44.3,42.9,Mbits/sec,66.7762
21,balia,850000,42.8,53.9,Mbits/sec,80.581
21,bbr,850000,62.1,33.7,Mbits/sec,60.8173
21,lia,850000,44.0,52.7,Mbits/sec,79.5921
21,olia,850000,56.0,40.7,Mbits/sec,62.5523
21,wvegas,850000,28.2,14.1,Mbits/sec,31.3249
21,pcc_loss,850000,53.4,34.2,Mbits/sec,78.5806
21,reno,1000000,50.4,46.3,Mbits/sec,84.6908
21,pcc,1000000,45.4,42.1,Mbits/sec,53.9022
21,balia,1000000,45.6,51.0,Mbits/sec,86.9497
21,bbr,1000000,60.0,36.1,Mbits/sec,58.7159
21,lia,1000000,37.3,59.3,Mbits/sec,92.6043
21,olia,1000000,49.7,47.0,Mbits/sec,68.5959
21,wvegas,1000000,28.2,14.0,Mbits/sec,31.3365
21,pcc_loss,1000000,43.7,40.8,Mbits/sec,75.1967
22,reno,375000,49.0,47.5,Mbits/sec,49.53
22,pcc,375000,53.2,34.0,Mbits/sec,46.6819
22,balia,375000,50.0,46.5,Mbits/sec,47.2285
22,bbr,375000,63.0,32.8,Mbits/sec,46.0234
22,lia,375000,39.5,57.0,Mbits/sec,51.2216
22,olia,375000,50.9,45.6,Mbits/sec,47.2008
22,wvegas,375000,28.2,14.0,Mbits/sec,31.3851
22,pcc_loss,375000,48.0,37.4,Mbits/sec,47.3743
22,reno,400000,47.5,49.1,Mbits/sec,51.5011
22,pcc,400000,45.5,40.4,Mbits/sec,43.7836
22,balia,400000,53.4,43.2,Mbits/sec,48.2637
22,bbr,400000,60.3,35.8,Mbits/sec,52.4223
22,lia,400000,64.2,32.5,Mbits/sec,50.4339
22,olia,400000,53.7,42.9,Mbits/sec,48.231
22,wvegas,400000,28.2,14.0,Mbits/sec,31.3562
22,pcc_loss,400000,44.6,42.8,Mbits/sec,49.623
22,reno,550000,53.6,43.0,Mbits/sec,62.5264
22,pcc,550000,44.7,38.6,Mbits/sec,47.5771
22,balia,550000,56.1,40.5,Mbits/sec,54.3593
22,bbr,550000,62.4,33.4,Mbits/sec,56.5104
22,lia,550000,57.5,39.1,Mbits/sec,54.9103
22,olia,550000,56.0,40.7,Mbits/sec,54.0341
22,wvegas,550000,28.2,14.0,Mbits/sec,31.3917
22,pcc_loss,550000,40.5,45.7,Mbits/sec,57.1254
22,reno,700000,52.2,44.5,Mbits/sec,69.566
22,pcc,700000,44.9,41.4,Mbits/sec,62.9856
22,balia,700000,50.0,46.5,Mbits/sec,69.904
22,bbr,700000,60.7,35.7,Mbits/sec,62.0321
22,lia,700000,49.2,47.4,Mbits/sec,71.6781
22,olia,700000,48.8,47.8,Mbits/sec,70.0928
22,wvegas,700000,28.0,14.0,Mbits/sec,31.3723
22,pcc_loss,700000,35.4,52.0,Mbits/sec,65.3149
22,reno,850000,38.9,57.8,Mbits/sec,83.9214
22,pcc,850000,48.8,39.0,Mbits/sec,65.8366
22,balia,850000,56.3,40.3,Mbits/sec,63.5509
22,bbr,850000,66.5,29.2,Mbits/sec,49.3158
22,lia,850000,62.7,34.0,Mbits/sec,64.6262
22,olia,850000,43.1,53.5,Mbits/sec,79.0819
22,wvegas,850000,28.2,14.0,Mbits/sec,31.3347
22,pcc_loss,850000,29.9,58.1,Mbits/sec,70.0346
22,reno,1000000,49.8,46.9,Mbits/sec,85.1569
22,pcc,1000000,45.6,41.4,Mbits/sec,68.3706
22,balia,1000000,51.7,45.0,Mbits/sec,68.4216
22,bbr,1000000,61.9,34.0,Mbits/sec,61.3053
22,lia,1000000,52.8,43.9,Mbits/sec,69.5274
22,olia,1000000,51.3,45.4,Mbits/sec,68.1128
22,wvegas,1000000,28.2,14.0,Mbits/sec,31.3377
22,pcc_loss,1000000,37.9,51.1,Mbits/sec,85.1353
23,reno,375000,47.4,49.1,Mbits/sec,51.4261
23,pcc,375000,48.3,39.2,Mbits/sec,44.362
23,balia,375000,55.9,40.6,Mbits/sec,47.5664
23,bbr,375000,58.3,38.4,Mbits/sec,55.1431
23,lia,375000,48.4,48.0,Mbits/sec,46.4514
23,olia,375000,56.6,39.9,Mbits/sec,47.5588
23,wvegas,375000,28.2,14.1,Mbits/sec,31.3342
23,pcc_loss,375000,42.9,45.0,Mbits/sec,52.2907
23,reno,400000,38.1,58.5,Mbits/sec,51.2996
23,pcc,400000,43.6,41.9,Mbits/sec,45.1812
23,balia,400000,48.2,48.5,Mbits/sec,53.0114
23,bbr,400000,62.2,33.3,Mbits/sec,55.7459
23,lia,400000,54.7,41.9,Mbits/sec,52.7627
23,olia,400000,55.5,41.2,Mbits/sec,52.9391
23,wvegas,400000,28.2,14.0,Mbits/sec,31.3412
23,pcc_loss,400000,46.3,37.9,Mbits/sec,47.7099
23,reno,550000,52.1,44.5,Mbits/sec,59.993
23,pcc,550000,45.6,42.5,Mbits/sec,47.9519
23,balia,550000,57.9,38.7,Mbits/sec,55.1877
23,bbr,550000,42.7,53.5,Mbits/sec,60.7562
23,lia,550000,56.8,39.8,Mbits/sec,55.0018
23,olia,550000,57.4,39.2,Mbits/sec,53.594
23,wvegas,550000,28.2,14.1,Mbits/sec,31.3518
23,pcc_loss,550000,38.5,47.5,Mbits/sec,54.7096
23,reno,700000,63.1,33.6,Mbits/sec,73.6106
23,pcc,700000,38.6,48.6,Mbits/sec,62.4352
23,balia,700000,60.3,36.4,Mbits/sec,60.227
23,bbr,700000,69.0,26.6,Mbits/sec,59.322
23,lia,700000,61.2,35.4,Mbits/sec,59.4678
23,olia,700000,56.7,40.0,Mbits/sec,58.046
23,wvegas,700000,28.2,14.0,Mbits/sec,31.4139
23,pcc_loss,700000,42.5,40.1,Mbits/sec,62.5516
23,reno,850000,50.2,46.5,Mbits/sec,76.379
23,pcc,850000,43.3,45.0,Mbits/sec,61.1845
23,balia,850000,54.9,41.7,Mbits/sec,64.5188
23,bbr,850000,62.7,33.1,Mbits/sec,60.4727
23,lia,850000,76.0645
23,olia,850000,43.1,53.6,Mbits/sec,78.7478
23,wvegas,850000,28.2,14.0,Mbits/sec,31.3513
23,pcc_loss,850000,41.5,47.1,Mbits/sec,80.8236
23,reno,1000000,67.0,29.7,Mbits/sec,96.7769
23,pcc,1000000,49.7,38.2,Mbits/sec,68.0716
23,balia,1000000,50.1,46.5,Mbits/sec,69.9704
23,bbr,1000000,50.7,45.5,Mbits/sec,55.9156
23,lia,1000000,36.5,60.1,Mbits/sec,92.5132
23,olia,1000000,50.3,46.3,Mbits/sec,68.5573
23,wvegas,1000000,28.2,14.0,Mbits/sec,31.3763
23,pcc_loss,1000000,34.9,52.8,Mbits/sec,81.5204
24,reno,375000,54.6,41.9,Mbits/sec,49.5863
24,pcc,375000,35.2,46.2,Mbits/sec,43.6063
24,balia,375000,49.4,47.1,Mbits/sec,50.9238
24,bbr,375000,58.5,37.9,Mbits/sec,54.2631
24,lia,375000,57.0,39.5,Mbits/sec,47.6639
24,olia,375000,51.0,45.5,Mbits/sec,47.0419
24,wvegas,375000,28.2,14.0,Mbits/sec,31.341
24,pcc_loss,375000,47.2,37.0,Mbits/sec,46.9985
24,reno,400000,44.9,51.9,Mbits/sec,52.0406
24,pcc,400000,33.8,51.5,Mbits/sec,46.0728
24,balia,400000,52.0,44.5,Mbits/sec,47.9326
24,bbr,400000,60.2,36.0,Mbits/sec,45.7339
24,lia,400000,49.4,47.2,Mbits/sec,48.2444
24,olia,400000,46.9,49.7,Mbits/sec,51.8391
24,wvegas,400000,28.1,14.0,Mbits/sec,31.3699
24,pcc_loss,400000,40.0,45.8,Mbits/sec,49.1621
24,reno,550000,51.8,44.8,Mbits/sec,60.2968
24,pcc,550000,33.9,53.5,Mbits/sec,48.6578
24,balia,550000,57.1,39.6,Mbits/sec,54.8568
24,bbr,550000,66.5,29.3,Mbits/sec,58.1996
24,lia,550000,57.5,39.1,Mbits/sec,54.63
24,olia,550000,57.1,39.5,Mbits/sec,53.5275
24,wvegas,550000,28.2,14.0,Mbits/sec,31.4078
24,pcc_loss,550000,50.5,36.5,Mbits/sec,57.768
24,reno,700000,51.5,45.0,Mbits/sec,69.3933
24,pcc,700000,28.4,57.1,Mbits/sec,58.4536
24,balia,700000,60.4,36.3,Mbits/sec,60.9163
24,bbr,700000,61.6,34.4,Mbits/sec,58.4817
24,lia,700000,48.9,47.8,Mbits/sec,71.5693
24,olia,700000,26.9,68.8,Mbits/sec,64.5501
24,wvegas,700000,28.2,14.0,Mbits/sec,31.3374
24,pcc_loss,700000,50.1,38.4,Mbits/sec,69.1416
24,reno,850000,50.3,46.3,Mbits/sec,83.7833
24,pcc,850000,50.5,35.7,Mbits/sec,60.9166
24,balia,850000,43.2,53.5,Mbits/sec,81.4339
24,bbr,850000,61.9,34.0,Mbits/sec,59.3527
24,lia,850000,56.3,40.4,Mbits/sec,63.5113
24,olia,850000,55.4,41.3,Mbits/sec,63.0129
24,wvegas,850000,28.2,14.0,Mbits/sec,31.3381
24,pcc_loss,850000,42.9,44.8,Mbits/sec,76.5307
24,reno,1000000,49.7,47.0,Mbits/sec,92.3334
24,pcc,1000000,46.9,40.8,Mbits/sec,78.7368
24,balia,1000000,63.9,32.7,Mbits/sec,95.0085
24,bbr,1000000,65.7,30.1,Mbits/sec,59.1639
24,lia,1000000,38.0,58.6,Mbits/sec,90.1733
24,olia,1000000,57.9,38.8,Mbits/sec,67.8302
24,wvegas,1000000,28.0,14.1,Mbits/sec,31.3345
24,pcc_loss,1000000,40.7,47.8,Mbits/sec,86.4059
25,reno,375000,41.2,55.3,Mbits/sec,51.293
25,pcc,375000,48.6,39.0,Mbits/sec,43.8957
25,balia,375000,50.6,45.9,Mbits/sec,51.5267
25,bbr,375000,63.3,33.1,Mbits/sec,53.6181
25,lia,375000,49.1,47.5,Mbits/sec,46.7868
25,olia,375000,44.7,51.8,Mbits/sec,45.8067
25,wvegas,375000,28.2,14.0,Mbits/sec,31.4112
25,pcc_loss,375000,41.0,46.4,Mbits/sec,49.5189
25,reno,400000,59.0,37.7,Mbits/sec,50.917
25,pcc,400000,43.3,41.6,Mbits/sec,45.1613
25,balia,400000,47.8,48.8,Mbits/sec,52.2603
25,bbr,400000,52.6,43.8,Mbits/sec,47.3044
25,lia,400000,55.6,41.0,Mbits/sec,53.0313
25,olia,400000,47.9,48.7,Mbits/sec,52.2473
25,wvegas,400000,28.1,14.0,Mbits/sec,31.3819
25,pcc_loss,400000,43.8,43.5,Mbits/sec,51.7823
25,reno,550000,56.7,40.0,Mbits/sec,60.9845
25,pcc,550000,44.5,40.0,Mbits/sec,50.4667
25,balia,550000,56.2,40.4,Mbits/sec,54.6841
25,bbr,550000,61.2,34.7,Mbits/sec,61.0613
25,lia,550000,56.4,40.2,Mbits/sec,54.1063
25,olia,550000,56.9,39.7,Mbits/sec,53.7734
25,wvegas,550000,28.2,13.7,Mbits/sec,31.4274
25,pcc_loss,550000,43.0,41.7,Mbits/sec,54.0366
25,reno,700000,53.3,43.3,Mbits/sec,71.7195
25,pcc,700000,42.2,44.7,Mbits/sec,57.2049
25,balia,700000,60.1,36.5,Mbits/sec,60.2853
25,bbr,700000,64.9,31.1,Mbits/sec,59.6491
25,lia,700000,50.3,46.3,Mbits/sec,69.8978
25,olia,700000,49.5,47.2,Mbits/sec,69.803
25,wvegas,700000,28.2,14.0,Mbits/sec,31.3428
25,pcc_loss,700000,51.7,36.7,Mbits/sec,67.5526
25,reno,850000,39.3,57.4,Mbits/sec,84.2366
25,pcc,850000,47.9,40.2,Mbits/sec,54.3073
25,balia,850000,43.4,53.2,Mbits/sec,80.186
25,bbr,850000,64.0,31.8,Mbits/sec,51.3119
25,lia,850000,55.0,41.7,Mbits/sec,64.4063
25,olia,850000,43.2,53.4,Mbits/sec,79.025
25,wvegas,850000,28.2,14.0,Mbits/sec,31.3613
25,pcc_loss,850000,31.2,58.1,Mbits/sec,78.7706
25,reno,1000000,49.9,46.8,Mbits/sec,85.1237
25,pcc,1000000,41.2,45.5,Mbits/sec,67.1276
25,balia,1000000,49.8,46.9,Mbits/sec,69.8661
25,bbr,1000000,68.0,27.5,Mbits/sec,62.3681
25,lia,1000000,51.5,45.1,Mbits/sec,68.8522
25,olia,1000000,38.0,58.7,Mbits/sec,89.2585
25,wvegas,1000000,28.2,14.0,Mbits/sec,31.3682
25,pcc_loss,1000000,53.4,35.5,Mbits/sec,84.0056
26,reno,375000,48.8,47.7,Mbits/sec,49.6566
26,pcc,375000,44.0,39.1,Mbits/sec,45.5543
26,balia,375000,56.9,39.7,Mbits/sec,50.8615
26,bbr,375000,66.1,29.1,Mbits/sec,40.5992
26,lia,375000,49.3,47.2,Mbits/sec,46.831
26,olia,375000,55.7,40.8,Mbits/sec,51.0805
26,wvegas,375000,28.2,14.0,Mbits/sec,31.3517
26,pcc_loss,375000,42.3,42.0,Mbits/sec,46.6893
26,reno,400000,47.6,49.1,Mbits/sec,51.3335
26,pcc,400000,51.8,36.2,Mbits/sec,48.525
26,balia,400000,49.4,47.2,Mbits/sec,48.6047
26,bbr,400000,55.5,40.1,Mbits/sec,50.5173
26,lia,400000,37.8,58.8,Mbits/sec,53.6882
26,olia,400000,46.9,49.7,Mbits/sec,51.9298
26,wvegas,400000,28.2,14.0,Mbits/sec,31.3841
26,pcc_loss,400000,42.7,43.4,Mbits/sec,48.2123
26,reno,550000,50.2,46.4,Mbits/sec,62.4921
26,pcc,550000,45.0,43.4,Mbits/sec,51.4957
26,balia,550000,55.7,40.9,Mbits/sec,53.9615
26,bbr,550000,63.2,32.5,Mbits/sec,48.6153
26,lia,550000,56.9,39.9,Mbits/sec,56.1275
26,olia,550000,56.8,39.8,Mbits/sec,53.3558
26,wvegas,550000,28.1,14.0,Mbits/sec,31.4373
26,pcc_loss,550000,45.3,42.2,Mbits/sec,58.6124
26,reno,700000,49.8,46.9,Mbits/sec,69.4095
26,pcc,700000,42.7,45.3,Mbits/sec,63.561
26,balia,700000,50.2,46.3,Mbits/sec,70.2399
26,bbr,700000,63.8,32.5,Mbits/sec,55.0947
26,lia,700000,48.5,48.1,Mbits/sec,71.9259
26,olia,700000,49.9,46.7,Mbits/sec,69.2017
26,wvegas,700000,27.9,25.4,Mbits/sec,31.3266
26,pcc_loss,700000,52.1,36.7,Mbits/sec,66.4008
26,reno,850000,50.6,46.1,Mbits/sec,83.6557
26,pcc,850000,36.9,50.9,Mbits/sec,62.9813
26,balia,850000,44.9,51.7,Mbits/sec,78.6401
26,bbr,850000,61.8,34.1,Mbits/sec,60.997
26,lia,850000,44.2,52.5,Mbits/sec,80.027
26,olia,850000,56.3,40.4,Mbits/sec,62.9655
26,wvegas,850000,28.2,14.0,Mbits/sec,31.369
26,pcc_loss,850000,40.0,47.4,Mbits/sec,77.3389
26,reno,1000000,56.0,40.7,Mbits/sec,92.374
26,pcc,1000000,38.7,48.3,Mbits/sec,69.5589
26,balia,1000000,55.9,40.8,Mbits/sec,70.7892
26,bbr,1000000,51.6,44.5,Mbits/sec,62.3654
26,lia,1000000,50.3,46.4,Mbits/sec,69.8322
26,olia,1000000,65.4,31.2,Mbits/sec,92.5467
26,wvegas,1000000,28.2,14.0,Mbits/sec,31.405
26,pcc_loss,1000000,52.0,35.7,Mbits/sec,82.0834
27,reno,375000,47.8,48.7,Mbits/sec,47.8109
27,pcc,375000,41.7,42.3,Mbits/sec,43.2386
27,balia,375000,35.6,60.9,Mbits/sec,51.8617
27,bbr,375000,85.3,10.0,Mbits/sec,40.5648
27,lia,375000,56.3,40.2,Mbits/sec,47.0366
27,olia,375000,50.1,46.4,Mbits/sec,46.5617
27,wvegas,375000,28.2,14.0,Mbits/sec,31.3526
27,pcc_loss,375000,37.1,50.4,Mbits/sec,48.8789
27,reno,400000,50.5,46.2,Mbits/sec,53.3558
27,pcc,400000,34.4,51.6,Mbits/sec,46.9453
27,balia,400000,48.9,47.7,Mbits/sec,52.8114
27,bbr,400000,64.3,31.5,Mbits/sec,49.3677
27,lia,400000,53.3,43.3,Mbits/sec,47.7701
27,olia,400000,50.4,46.2,Mbits/sec,53.2442
27,wvegas,400000,28.2,14.0,Mbits/sec,31.3514
27,pcc_loss,400000,42.8,43.0,Mbits/sec,48.023
27,reno,550000,51.7,44.8,Mbits/sec,60.2825
27,pcc,550000,41.7,45.7,Mbits/sec,48.3074
27,balia,550000,57.4,39.2,Mbits/sec,55.3837
27,bbr,550000,66.3,29.3,Mbits/sec,60.6006
27,lia,550000,57.0,39.6,Mbits/sec,54.0908
27,olia,550000,57.2,39.5,Mbits/sec,53.3496
27,wvegas,550000,28.2,14.0,Mbits/sec,31.3756
27,pcc_loss,550000,43.1,42.5,Mbits/sec,59.9267
27,reno,700000,52.7,43.9,Mbits/sec,68.811
27,pcc,700000,47.8,39.4,Mbits/sec,50.8896
27,balia,700000,61.1,35.5,Mbits/sec,59.6484
27,bbr,700000,62.0,33.9,Mbits/sec,44.8396
27,lia,700000,49.1,47.5,Mbits/sec,70.9666
27,olia,700000,61.3,35.3,Mbits/sec,58.0339
27,wvegas,700000,28.2,14.0,Mbits/sec,31.3525
27,pcc_loss,700000,39.6,46.4,Mbits/sec,64.7534
27,reno,850000,49.6,47.1,Mbits/sec,84.5826
27,pcc,850000,45.8,41.7,Mbits/sec,61.1899
27,balia,850000,55.8,40.8,Mbits/sec,63.6125
27,bbr,850000,84.8,10.5,Mbits/sec,39.9502
27,lia,850000,43.1,53.5,Mbits/sec,79.7137
27,olia,850000,67.6,29.1,Mbits/sec,88.6542
27,wvegas,850000,28.2,14.0,Mbits/sec,31.3219
27,pcc_loss,850000,50.1,38.4,Mbits/sec,75.0787
27,reno,1000000,50.4,46.3,Mbits/sec,85.3255
27,pcc,1000000,38.8,48.8,Mbits/sec,68.6009
27,balia,1000000,54.6,42.1,Mbits/sec,70.8161
27,bbr,1000000,65.8,30.0,Mbits/sec,56.7125
27,lia,1000000,51.5,45.2,Mbits/sec,68.6292
27,olia,1000000,44.5,52.1,Mbits/sec,85.4927
27,wvegas,1000000,28.2,14.0,Mbits/sec,31.3871
27,pcc_loss,1000000,46.6,38.5,Mbits/sec,79.8097
28,reno,375000,51.5,45.0,Mbits/sec,49.4932
28,pcc,375000,46.7,38.9,Mbits/sec,43.636
28,balia,375000,49.1,47.4,Mbits/sec,51.0622
28,bbr,375000,59.9,35.9,Mbits/sec,55.2544
28,lia,375000,37.3,59.4,Mbits/sec,51.0644
28,olia,375000,51.4,45.1,Mbits/sec,51.5215
28,wvegas,375000,28.2,14.0,Mbits/sec,31.338
28,pcc_loss,375000,35.9,51.6,Mbits/sec,48.9324
28,reno,400000,52.0,44.6,Mbits/sec,51.3185
28,pcc,400000,43.4,43.6,Mbits/sec,48.2304
28,balia,400000,43.1,53.5,Mbits/sec,47.7493
28,bbr,400000,56.5,40.5,Mbits/sec,48.2869
28,lia,400000,49.1,47.5,Mbits/sec,48.1044
28,olia,400000,56.3,40.3,Mbits/sec,52.5781
28,wvegas,400000,28.2,14.0,Mbits/sec,31.3258
28,pcc_loss,400000,43.0,40.8,Mbits/sec,49.7434
28,reno,550000,56.3,40.3,Mbits/sec,60.3428
28,pcc,550000,39.7,48.6,Mbits/sec,50.1544
28,balia,550000,57.2,39.3,Mbits/sec,55.2448
28,bbr,550000,67.0,28.5,Mbits/sec,60.6753
28,lia,550000,72.0,24.6,Mbits/sec,64.3467
28,olia,550000,47.5,49.2,Mbits/sec,61.6727
28,wvegas,550000,28.2,14.0,Mbits/sec,31.3312
28,pcc_loss,550000,38.3,47.5,Mbits/sec,56.0893
28,reno,700000,45.5,51.1,Mbits/sec,71.8095
28,pcc,700000,38.6,46.5,Mbits/sec,57.4551
28,balia,700000,49.0,47.7,Mbits/sec,71.7244
28,bbr,700000,63.9,31.8,Mbits/sec,59.1938
28,lia,700000,50.3,46.3,Mbits/sec,69.9303
28,olia,700000,49.7,47.0,Mbits/sec,69.2592
28,wvegas,700000,28.2,14.0,Mbits/sec,31.3995
28,pcc_loss,700000,48.1,40.2,Mbits/sec,65.0974
28,reno,850000,50.0,46.6,Mbits/sec,76.5048
28,pcc,850000,46.2,41.8,Mbits/sec,49.9307
28,balia,850000,43.4,53.2,Mbits/sec,80.3088
28,bbr,850000,62.9,33.1,Mbits/sec,56.6039
28,lia,850000,42.9,53.7,Mbits/sec,80.8332
28,olia,850000,54.0,42.7,Mbits/sec,63.9304
28,wvegas,850000,27.4,26.5,Mbits/sec,31.4333
28,pcc_loss,850000,43.9,44.6,Mbits/sec,74.9825
28,reno,1000000,44.9,51.7,Mbits/sec,92.02
28,pcc,1000000,51.0,38.5,Mbits/sec,62.0215
28,balia,1000000,64.0,32.6,Mbits/sec,95.5417
28,bbr,1000000,65.5,30.1,Mbits/sec,61.2709
28,lia,1000000,64.0,32.6,Mbits/sec,94.4657
28,olia,1000000,51.1,45.5,Mbits/sec,67.8048
28,wvegas,1000000,27.1,27.9,Mbits/sec,31.3263
28,pcc_loss,1000000,44.4,44.6,Mbits/sec,88.1726
29,reno,375000,42.1,54.4,Mbits/sec,51.1214
29,pcc,375000,40.6,45.8,Mbits/sec,46.9361
29,balia,375000,49.8,46.7,Mbits/sec,47.1093
29,bbr,375000,64.4,31.6,Mbits/sec,53.5232
29,lia,375000,51.2,45.3,Mbits/sec,51.5186
29,olia,375000,53.8,42.7,Mbits/sec,46.79
29,wvegas,375000,28.2,14.0,Mbits/sec,31.3454
29,pcc_loss,375000,46.0,37.0,Mbits/sec,46.3896
29,reno,400000,49.5,47.1,Mbits/sec,51.2212
29,pcc,400000,40.9,45.6,Mbits/sec,49.4043
29,balia,400000,48.9,47.8,Mbits/sec,48.2341
29,bbr,400000,51.8,44.4,Mbits/sec,54.456
29,lia,400000,49.1,47.5,Mbits/sec,48.2089
29,olia,400000,37.6,59.0,Mbits/sec,53.5122
29,wvegas,400000,28.2,14.0,Mbits/sec,31.4615
29,pcc_loss,400000,45.2,40.6,Mbits/sec,49.6933
29,reno,550000,50.9,45.8,Mbits/sec,62.5967
29,pcc,550000,46.7,40.8,Mbits/sec,50.4817
29,balia,550000,50.6,46.0,Mbits/sec,61.9435
29,bbr,550000,64.0,31.7,Mbits/sec,61.2941
29,lia,550000,57.1,39.5,Mbits/sec,54.4732
29,olia,550000,55.3,41.4,Mbits/sec,55.0064
29,wvegas,550000,28.2,14.0,Mbits/sec,31.4204
29,pcc_loss,550000,47.1,37.5,Mbits/sec,55.7881
29,reno,700000,52.4,44.3,Mbits/sec,69.1267
29,pcc,700000,48.9,38.8,Mbits/sec,59.8993
29,balia,700000,48.7,48.0,Mbits/sec,72.0015
29,bbr,700000,88.3,7.06,Mbits/sec,56.3479
29,lia,700000,48.8,47.8,Mbits/sec,71.798
29,olia,700000,50.1,46.5,Mbits/sec,68.7738
29,wvegas,700000,28.2,14.0,Mbits/sec,31.3767
29,pcc_loss,700000,42.5,42.3,Mbits/sec,65.6367
29,reno,850000,52.2,44.5,Mbits/sec,75.8309
29,pcc,850000,46.1,42.0,Mbits/sec,59.9725
29,balia,850000,57.4,39.3,Mbits/sec,63.1738
29,bbr,850000,60.9,35.0,Mbits/sec,47.5569
29,lia,850000,43.0,53.7,Mbits/sec,80.4054
29,olia,850000,68.4,28.2,Mbits/sec,87.7639
29,wvegas,850000,28.2,14.0,Mbits/sec,31.3519
29,pcc_loss,850000,38.2,50.8,Mbits/sec,78.4333
29,reno,1000000,55.5,41.2,Mbits/sec,92.5202
29,pcc,1000000,41.9,43.9,Mbits/sec,63.2773
29,balia,1000000,43.5,53.1,Mbits/sec,88.0135
29,bbr,1000000,63.7,32.3,Mbits/sec,60.0136
29,lia,1000000,51.1,45.6,Mbits/sec,68.9211
29,olia,1000000,51.2,45.5,Mbits/sec,67.591
29,wvegas,1000000,28.2,14.0,Mbits/sec,31.3905
29,pcc_loss,1000000,38.8,49.3,Mbits/sec,82.5779
30,reno,375000,43.2,53.3,Mbits/sec,49.7678
30,pcc,375000,38.1,47.1,Mbits/sec,43.6676
30,balia,375000,50.4,46.1,Mbits/sec,46.9712
30,bbr,375000,55.6,40.7,Mbits/sec,53.4666
30,lia,375000,37.7,58.9,Mbits/sec,51.1951
30,olia,375000,50.5,46.0,Mbits/sec,51.4009
30,wvegas,375000,28.2,14.0,Mbits/sec,31.3793
30,pcc_loss,375000,56.1,31.2,Mbits/sec,47.2328
30,reno,400000,48.6,48.1,Mbits/sec,53.2556
30,pcc,400000,46.2,42.0,Mbits/sec,44.5836
30,balia,400000,47.5,49.2,Mbits/sec,48.5619
30,bbr,400000,53.7,43.3,Mbits/sec,45.7391
30,lia,400000,55.5,41.1,Mbits/sec,48.807
30,olia,400000,49.9,46.8,Mbits/sec,47.915
30,wvegas,400000,28.2,14.0,Mbits/sec,31.3312
30,pcc_loss,400000,46.3,40.3,Mbits/sec,49.8865
30,reno,550000,45.9,50.7,Mbits/sec,61.3189
30,pcc,550000,45.0,43.3,Mbits/sec,52.8847
30,balia,550000,55.2,41.5,Mbits/sec,55.8858
30,bbr,550000,59.0,37.4,Mbits/sec,59.5405
30,lia,550000,57.2,39.4,Mbits/sec,54.5563
30,olia,550000,55.8,40.8,Mbits/sec,52.2826
30,wvegas,550000,28.2,14.0,Mbits/sec,31.3543
30,pcc_loss,550000,53.7,33.9,Mbits/sec,56.8677
30,reno,700000,49.3,47.4,Mbits/sec,68.0599
30,pcc,700000,45.1,42.8,Mbits/sec,52.4594
30,balia,700000,49.9,46.7,Mbits/sec,70.0712
30,bbr,700000,68.2,27.5,Mbits/sec,61.7653
30,lia,700000,49.8,46.8,Mbits/sec,70.8412
30,olia,700000,50.0,46.6,Mbits/sec,68.2789
30,wvegas,700000,28.2,14.0,Mbits/sec,31.3951
30,pcc_loss,700000,46.5,39.3,Mbits/sec,64.0932
30,reno,850000,50.3,46.4,Mbits/sec,84.2541
30,pcc,850000,49.6,37.9,Mbits/sec,57.5871
30,balia,850000,58.7,38.0,Mbits/sec,65.326
30,bbr,850000,65.1,30.6,Mbits/sec,60.8467
30,lia,850000,42.2,54.5,Mbits/sec,81.9434
30,olia,850000,43.5,53.1,Mbits/sec,78.5365
30,wvegas,850000,28.2,14.0,Mbits/sec,31.3489
30,pcc_loss,850000,44.0,43.2,Mbits/sec,76.2878
30,reno,1000000,50.5,46.2,Mbits/sec,84.8505
30,pcc,1000000,42.0,45.9,Mbits/sec,52.1604
30,balia,1000000,63.9,32.8,Mbits/sec,95.6126
30,bbr,1000000,65.8,30.0,Mbits/sec,61.3545
30,lia,1000000,63.9,32.7,Mbits/sec,95.5113
30,olia,1000000,63.9,32.7,Mbits/sec,93.5656
30,wvegas,1000000,28.2,14.0,Mbits/sec,31.3581
30,pcc_loss,1000000,37.2,51.4,Mbits/sec,83.4872
31,reno,375000,49.2,47.3,Mbits/sec,49.7164
31,pcc,375000,51.9,34.8,Mbits/sec,46.0169
31,balia,375000,49.1,47.4,Mbits/sec,47.0156
31,bbr,375000,64.7,30.9,Mbits/sec,44.0996
31,lia,375000,50.0,46.5,Mbits/sec,51.0018
31,olia,375000,39.4,57.2,Mbits/sec,51.7283
31,wvegas,375000,28.2,14.0,Mbits/sec,31.3792
31,pcc_loss,375000,55.5,32.2,Mbits/sec,52.3361
31,reno,400000,47.6,49.0,Mbits/sec,52.8339
31,pcc,400000,56.2,29.2,Mbits/sec,46.3231
31,balia,400000,48.6,48.1,Mbits/sec,48.3492
31,bbr,400000,52.6,44.2,Mbits/sec,52.798
31,lia,400000,54.3,42.3,Mbits/sec,48.4506
31,olia,400000,37.6,59.0,Mbits/sec,53.7446
31,wvegas,400000,28.2,14.0,Mbits/sec,31.3684
31,pcc_loss,400000,41.1,45.1,Mbits/sec,50.4498
31,reno,550000,48.3,48.2,Mbits/sec,62.7201
31,pcc,550000,42.1,43.9,Mbits/sec,49.355
31,balia,550000,55.8,40.7,Mbits/sec,53.3379
31,bbr,550000,67.0,28.6,Mbits/sec,52.5554
31,lia,550000,57.1,39.5,Mbits/sec,54.0616
31,olia,550000,56.8,39.8,Mbits/sec,52.8466
31,wvegas,550000,28.2,14.0,Mbits/sec,31.3832
31,pcc_loss,550000,46.0,40.6,Mbits/sec,57.6887
31,reno,700000,45.3,51.3,Mbits/sec,71.9513
31,pcc,700000,46.0,42.5,Mbits/sec,51.6962
31,balia,700000,50.1,46.4,Mbits/sec,69.7929
31,bbr,700000,66.0,29.7,Mbits/sec,61.0779
31,lia,700000,49.3,47.4,Mbits/sec,70.93
31,olia,700000,49.8,46.8,Mbits/sec,68.081
31,wvegas,700000,28.2,14.0,Mbits/sec,31.3868
31,pcc_loss,700000,60.8,27.4,Mbits/sec,69.775
31,reno,850000,57.9,38.7,Mbits/sec,78.4502
31,pcc,850000,44.2,43.0,Mbits/sec,52.6903
31,balia,850000,43.5,53.1,Mbits/sec,80.3371
31,bbr,850000,40.8,55.4,Mbits/sec,61.8903
31,lia,850000,42.2,54.4,Mbits/sec,81.1899
31,olia,850000,67.8,28.9,Mbits/sec,87.3315
31,wvegas,850000,28.2,14.0,Mbits/sec,31.356
31,pcc_loss,850000,44.6,44.4,Mbits/sec,76.1779
31,reno,1000000,44.8,51.9,Mbits/sec,92.3914
31,pcc,1000000,43.7,44.7,Mbits/sec,65.3482
31,balia,1000000,50.6,46.1,Mbits/sec,68.9055
31,bbr,1000000,66.8,29.0,Mbits/sec,54.0689
31,lia,1000000,64.4,32.3,Mbits/sec,95.2067
31,olia,1000000,50.8,45.9,Mbits/sec,68.2374
31,wvegas,1000000,28.2,14.0,Mbits/sec,31.3338
31,pcc_loss,1000000,53.5,35.6,Mbits/sec,86.8687
32,reno,375000,47.1,49.3,Mbits/sec,50.0539
32,pcc,375000,47.5,39.3,Mbits/sec,45.8667
32,balia,375000,37.8,58.9,Mbits/sec,50.8637
32,bbr,375000,68.1,27.7,Mbits/sec,43.2146
32,lia,375000,50.0,46.5,Mbits/sec,47.0231
32,olia,375000,55.7,40.8,Mbits/sec,51.0184
32,wvegas,375000,28.2,14.0,Mbits/sec,31.3503
32,pcc_loss,375000,41.6,44.4,Mbits/sec,49.8769
32,reno,400000,48.6,48.0,Mbits/sec,53.0999
32,pcc,400000,48.7,38.1,Mbits/sec,42.942
32,balia,400000,50.8,45.8,Mbits/sec,48.7832
32,bbr,400000,57.6,38.4,Mbits/sec,52.8917
32,lia,400000,50.1,46.5,Mbits/sec,48.4177
32,olia,400000,56.5,40.1,Mbits/sec,52.5015
32,wvegas,400000,28.2,14.0,Mbits/sec,31.3421
32,pcc_loss,400000,44.6,40.5,Mbits/sec,49.8812
32,reno,550000,51.4,45.2,Mbits/sec,60.0846
32,pcc,550000,46.4,39.7,Mbits/sec,50.7129
32,balia,550000,57.3,39.3,Mbits/sec,55.0125
32,bbr,550000,63.5,32.3,Mbits/sec,60.5433
32,lia,550000,57.6,39.0,Mbits/sec,54.9301
32,olia,550000,58.0,38.5,Mbits/sec,53.7812
32,wvegas,550000,28.2,14.0,Mbits/sec,31.415
32,pcc_loss,550000,46.0,42.1,Mbits/sec,60.2301
32,reno,700000,24.8,71.0,Mbits/sec,63.4697
32,pcc,700000,43.1,43.6,Mbits/sec,53.1658
32,balia,700000,61.5,35.2,Mbits/sec,59.9662
32,bbr,700000,64.3,31.5,Mbits/sec,54.8269
32,lia,700000,60.3,36.4,Mbits/sec,60.1231
32,olia,700000,47.8,48.9,Mbits/sec,72.0698
32,wvegas,700000,28.2,14.0,Mbits/sec,31.334
32,pcc_loss,700000,45.2,42.5,Mbits/sec,65.9243
32,reno,850000,39.4,57.3,Mbits/sec,84.6216
32,pcc,850000,34.8,51.5,Mbits/sec,58.3262
32,balia,850000,42.7,54.0,Mbits/sec,81.1349
32,bbr,850000,64.9,30.9,Mbits/sec,49.0647
32,lia,850000,56.1,40.5,Mbits/sec,63.5025
32,olia,850000,42.3,54.3,Mbits/sec,80.11
32,wvegas,850000,28.1,14.0,Mbits/sec,31.3717
32,pcc_loss,850000,48.5,39.2,Mbits/sec,76.2712
32,reno,1000000,49.5,47.2,Mbits/sec,85.3292
32,pcc,1000000,41.0,45.4,Mbits/sec,74.2717
32,balia,1000000,50.1,46.6,Mbits/sec,70.0123
32,bbr,1000000,61.3,34.5,Mbits/sec,59.2773
32,lia,1000000,50.1,46.5,Mbits/sec,69.7372
32,olia,1000000,37.9,58.7,Mbits/sec,89.304
32,wvegas,1000000,28.2,14.0,Mbits/sec,31.3354
32,pcc_loss,1000000,44.8,43.2,Mbits/sec,83.3713
33,reno,375000,47.3,49.1,Mbits/sec,48.6404
33,pcc,375000,35.7,50.7,Mbits/sec,42.4404
33,balia,375000,48.7,47.8,Mbits/sec,46.8355
33,bbr,375000,61.4,34.6,Mbits/sec,43.5402
33,lia,375000,56.4,40.1,Mbits/sec,50.8802
33,olia,375000,49.3,47.2,Mbits/sec,46.3193
33,wvegas,375000,28.2,14.0,Mbits/sec,31.3724
33,pcc_loss,375000,38.2,49.0,Mbits/sec,52.2625
33,reno,400000,47.7,48.9,Mbits/sec,51.1811
33,pcc,400000,49.9,34.9,Mbits/sec,43.9638
33,balia,400000,50.1,46.4,Mbits/sec,48.4351
33,bbr,400000,60.8,35.1,Mbits/sec,52.6786
33,lia,400000,50.0,46.6,Mbits/sec,48.2128
33,olia,400000,54.5,42.1,Mbits/sec,48.6157
33,wvegas,400000,28.2,14.0,Mbits/sec,31.3572
33,pcc_loss,400000,46.5,40.3,Mbits/sec,51.28
33,reno,550000,52.3,44.4,Mbits/sec,60.3746
33,pcc,550000,43.6,43.3,Mbits/sec,50.2429
33,balia,550000,56.5,40.1,Mbits/sec,54.1723
33,bbr,550000,68.2,27.2,Mbits/sec,60.9767
33,lia,550000,57.2,39.3,Mbits/sec,54.1173
33,olia,550000,56.3,40.4,Mbits/sec,53.006
33,wvegas,550000,27.1,27.0,Mbits/sec,31.3053
33,pcc_loss,550000,51.1,35.6,Mbits/sec,59.0779
33,reno,700000,45.2,51.5,Mbits/sec,71.9369
33,pcc,700000,51.7,33.5,Mbits/sec,56.1166
33,balia,700000,50.5,46.0,Mbits/sec,69.5633
33,bbr,700000,68.0,27.6,Mbits/sec,43.7807
33,lia,700000,49.1,47.6,Mbits/sec,71.1868
33,olia,700000,49.8,46.8,Mbits/sec,68.8117
33,wvegas,700000,28.2,14.0,Mbits/sec,31.3742
33,pcc_loss,700000,33.6,50.3,Mbits/sec,61.9504
33,reno,850000,49.9,46.8,Mbits/sec,83.7019
33,pcc,850000,44.6,43.0,Mbits/sec,56.4122
33,balia,850000,44.4,52.2,Mbits/sec,79.1198
33,bbr,850000,65.6,30.1,Mbits/sec,50.6677
33,lia,850000,43.2,53.5,Mbits/sec,80.1206
33,olia,850000,54.0,42.7,Mbits/sec,64.0665
33,wvegas,850000,28.2,13.9,Mbits/sec,31.3824
33,pcc_loss,850000,44.6,44.2,Mbits/sec,76.161
33,reno,1000000,50.3,46.4,Mbits/sec,84.6975
33,pcc,1000000,40.6,43.6,Mbits/sec,57.6921
33,balia,1000000,50.5,46.2,Mbits/sec,69.6293
33,bbr,1000000,64.9,30.9,Mbits/sec,56.9593
33,lia,1000000,50.7,46.0,Mbits/sec,68.4488
33,olia,1000000,51.6,45.1,Mbits/sec,67.0697
33,wvegas,1000000,28.2,14.0,Mbits/sec,31.3626
33,pcc_loss,1000000,41.0,48.4,Mbits/sec,85.6049
34,reno,375000,48.2,48.3,Mbits/sec,51.3752
34,pcc,375000,46.4,39.7,Mbits/sec,44.7046
34,balia,375000,49.7,46.8,Mbits/sec,51.1688
34,bbr,375000,51.7,44.5,Mbits/sec,51.2492
34,lia,375000,49.1,47.4,Mbits/sec,50.785
34,olia,375000,49.8,46.7,Mbits/sec,46.129
34,wvegas,375000,28.2,14.0,Mbits/sec,31.3962
34,pcc_loss,375000,47.3,39.9,Mbits/sec,47.4328
34,reno,400000,41.3,55.4,Mbits/sec,53.1187
34,pcc,400000,44.9,41.5,Mbits/sec,45.6509
34,balia,400000,49.7,47.0,Mbits/sec,48.5412
34,bbr,400000,46.0,50.2,Mbits/sec,58.275
34,lia,400000,49.0,47.6,Mbits/sec,47.8385
34,olia,400000,47.1,49.6,Mbits/sec,52.4055
34,wvegas,400000,28.2,14.0,Mbits/sec,31.3675
34,pcc_loss,400000,44.6,42.9,Mbits/sec,50.9536
34,reno,550000,51.4,45.2,Mbits/sec,59.915
34,pcc,550000,41.2,45.5,Mbits/sec,50.7005
34,balia,550000,58.3,38.3,Mbits/sec,55.6876
34,bbr,550000,64.2,31.7,Mbits/sec,59.5734
34,lia,550000,57.4,39.1,Mbits/sec,54.9693
34,olia,550000,47.6,49.0,Mbits/sec,61.5163
34,wvegas,550000,28.2,14.0,Mbits/sec,31.3667
34,pcc_loss,550000,40.6,47.0,Mbits/sec,57.3468
34,reno,700000,52.0,44.7,Mbits/sec,69.3751
34,pcc,700000,48.5,39.8,Mbits/sec,56.8903
34,balia,700000,62.1,34.4,Mbits/sec,60.2019
34,bbr,700000,68.4,27.1,Mbits/sec,56.7451
34,lia,700000,49.5,47.2,Mbits/sec,71.1513
34,olia,700000,49.5,47.2,Mbits/sec,69.4043
34,wvegas,700000,28.2,14.0,Mbits/sec,31.4073
34,pcc_loss,700000,39.7,48.3,Mbits/sec,65.6144
34,reno,850000,51.8,44.9,Mbits/sec,75.7547
34,pcc,850000,40.7,44.0,Mbits/sec,62.4958
34,balia,850000,42.3,54.3,Mbits/sec,82.0883
34,bbr,850000,64.5,31.4,Mbits/sec,58.7449
34,lia,850000,62.4,34.3,Mbits/sec,65.3925
34,olia,850000,43.0,53.6,Mbits/sec,78.7503
34,wvegas,850000,28.2,14.0,Mbits/sec,31.3815
34,pcc_loss,850000,31.5,56.9,Mbits/sec,75.2093
34,reno,1000000,50.3,46.4,Mbits/sec,84.6678
34,pcc,1000000,36.4,52.0,Mbits/sec,56.2525
34,balia,1000000,57.0,39.6,Mbits/sec,68.8441
34,bbr,1000000,61.9,34.0,Mbits/sec,60.5076
34,lia,1000000,50.2,46.4,Mbits/sec,69.1989
34,olia,1000000,50.8,45.9,Mbits/sec,67.7602
34,wvegas,1000000,28.1,14.0,Mbits/sec,31.3734
34,pcc_loss,1000000,46.8,41.6,Mbits/sec,87.8752
35,reno,375000,56.0,40.5,Mbits/sec,51.0932
35,pcc,375000,41.3,44.0,Mbits/sec,42.8874
35,balia,375000,48.7,47.8,Mbits/sec,46.7092
35,bbr,375000,86.0,9.38,Mbits/sec,40.6105
35,lia,375000,51.3,45.2,Mbits/sec,51.3763
35,olia,375000,51.9,44.6,Mbits/sec,44.3945
35,wvegas,375000,28.1,14.0,Mbits/sec,31.4103
35,pcc_loss,375000,41.3,40.2,Mbits/sec,46.3657
35,reno,400000,47.5,49.1,Mbits/sec,51.3353
35,pcc,400000,48.6,37.0,Mbits/sec,44.5172
35,balia,400000,49.3,47.3,Mbits/sec,48.493
35,bbr,400000,58.8,37.7,Mbits/sec,56.4334
35,lia,400000,63.1,33.5,Mbits/sec,48.4137
35,olia,400000,55.7,40.9,Mbits/sec,52.9833
35,wvegas,400000,28.2,14.0,Mbits/sec,31.3409
35,pcc_loss,400000,48.0,39.1,Mbits/sec,49.9277
35,reno,550000,61.3,35.2,Mbits/sec,60.4572
35,pcc,550000,37.7,49.7,Mbits/sec,49.104
35,balia,550000,58.0,38.6,Mbits/sec,55.5392
35,bbr,550000,64.2,31.6,Mbits/sec,57.4927
35,lia,550000,57.8,38.8,Mbits/sec,55.0711
35,olia,550000,57.5,39.1,Mbits/sec,53.9625
35,wvegas,550000,28.2,14.0,Mbits/sec,31.351
35,pcc_loss,550000,46.2,41.1,Mbits/sec,60.0419
35,reno,700000,53.7,42.8,Mbits/sec,68.3899
35,pcc,700000,40.9,46.8,Mbits/sec,57.9709
35,balia,700000,50.5,46.0,Mbits/sec,69.686
35,bbr,700000,85.8,9.42,Mbits/sec,40.7517
35,lia,700000,49.6,47.0,Mbits/sec,70.6575
35,olia,700000,48.6,48.0,Mbits/sec,70.7009
35,wvegas,700000,28.2,14.0,Mbits/sec,31.3562
35,pcc_loss,700000,51.3,36.6,Mbits/sec,65.3552
35,reno,850000,49.7,47.0,Mbits/sec,84.2622
35,pcc,850000,33.7,53.8,Mbits/sec,60.0217
35,balia,850000,44.7,52.0,Mbits/sec,80.3555
35,bbr,850000,64.4,31.4,Mbits/sec,56.3443
35,lia,850000,44.1,52.6,Mbits/sec,79.5459
35,olia,850000,51.8,44.9,Mbits/sec,63.2536
35,wvegas,850000,28.2,14.0,Mbits/sec,31.3656
35,pcc_loss,850000,47.3,40.2,Mbits/sec,74.2501
35,reno,1000000,50.5,46.2,Mbits/sec,85.045
35,pcc,1000000,45.6,37.5,Mbits/sec,60.493
35,balia,1000000,50.5,46.2,Mbits/sec,69.4428
35,bbr,1000000,65.4,30.2,Mbits/sec,46.6549
35,lia,1000000,51.3,45.4,Mbits/sec,68.5127
35,olia,1000000,63.7,32.9,Mbits/sec,93.9212
35,wvegas,1000000,27.9,26.1,Mbits/sec,31.322
35,pcc_loss,1000000,40.7,47.9,Mbits/sec,85.8848
36,reno,375000,49.5,47.0,Mbits/sec,49.447
36,pcc,375000,49.8,36.9,Mbits/sec,42.5748
36,balia,375000,49.6,46.9,Mbits/sec,50.9233
36,bbr,375000,46.6,49.6,Mbits/sec,54.4379
36,lia,375000,50.1,46.4,Mbits/sec,51.1495
36,olia,375000,50.2,46.3,Mbits/sec,50.827
36,wvegas,375000,28.2,14.1,Mbits/sec,31.3381
36,pcc_loss,375000,42.2,43.8,Mbits/sec,50.8809
36,reno,400000,47.8,48.8,Mbits/sec,51.5759
36,pcc,400000,42.8,44.8,Mbits/sec,45.7773
36,balia,400000,48.7,48.1,Mbits/sec,53.5046
36,bbr,400000,66.3,29.2,Mbits/sec,52.212
36,lia,400000,48.7,48.0,Mbits/sec,48.4502
36,olia,400000,49.9,46.8,Mbits/sec,48.0787
36,wvegas,400000,28.2,14.0,Mbits/sec,31.3762
36,pcc_loss,400000,48.6,37.4,Mbits/sec,48.9352
36,reno,550000,52.2,44.4,Mbits/sec,60.1935
36,pcc,550000,52.8,35.8,Mbits/sec,54.5718
36,balia,550000,43.2,53.4,Mbits/sec,61.5303
36,bbr,550000,59.7,36.3,Mbits/sec,60.6234
36,lia,550000,56.7,39.9,Mbits/sec,54.7656
36,olia,550000,56.3,40.3,Mbits/sec,53.1551
36,wvegas,550000,28.2,14.0,Mbits/sec,31.3702
36,pcc_loss,550000,53.0,35.3,Mbits/sec,58.2886
36,reno,700000,45.9,50.8,Mbits/sec,71.6217
36,pcc,700000,45.6,43.0,Mbits/sec,48.9767
36,balia,700000,62.3,34.3,Mbits/sec,60.271
36,bbr,700000,66.3,29.2,Mbits/sec,61.3552
36,lia,700000,49.3,47.4,Mbits/sec,70.7374
36,olia,700000,60.6,36.0,Mbits/sec,58.7705
36,wvegas,700000,28.2,14.0,Mbits/sec,31.3545
36,pcc_loss,700000,36.1,51.1,Mbits/sec,66.0582
36,reno,850000,57.3,39.3,Mbits/sec,76.4953
36,pcc,850000,40.6,46.3,Mbits/sec,66.6758
36,balia,850000,43.5,53.2,Mbits/sec,80.1337
36,bbr,850000,63.4,32.4,Mbits/sec,46.5788
36,lia,850000,43.6,53.0,Mbits/sec,80.2811
36,olia,850000,55.7,40.9,Mbits/sec,62.7823
36,wvegas,850000,28.2,14.0,Mbits/sec,31.3418
36,pcc_loss,850000,48.7,38.4,Mbits/sec,75.3065
36,reno,1000000,50.5,46.2,Mbits/sec,85.0228
36,pcc,1000000,49.2,39.2,Mbits/sec,64.4197
36,balia,1000000,36.8,59.8,Mbits/sec,92.5525
36,bbr,1000000,54.4,41.7,Mbits/sec,62.7011
36,lia,1000000,50.9,45.8,Mbits/sec,68.6624
36,olia,1000000,51.0,45.6,Mbits/sec,68.0279
36,wvegas,1000000,28.1,14.0,Mbits/sec,31.3633
36,pcc_loss,1000000,50.1,36.1,Mbits/sec,85.1866
37,reno,375000,53.6,42.9,Mbits/sec,51.6435
37,pcc,375000,36.9,48.5,Mbits/sec,44.1673
37,balia,375000,49.4,47.2,Mbits/sec,51.5041
37,bbr,375000,62.8,33.4,Mbits/sec,46.8338
37,lia,375000,50.9,45.6,Mbits/sec,51.4332
37,olia,375000,49.5,47.0,Mbits/sec,46.3741
37,wvegas,375000,28.2,14.0,Mbits/sec,31.4036
37,pcc_loss,375000,33.5,51.8,Mbits/sec,47.4871
37,reno,400000,52.8,43.8,Mbits/sec,51.0585
37,pcc,400000,45.7,42.5,Mbits/sec,44.3344
37,balia,400000,47.5,49.1,Mbits/sec,47.4607
37,bbr,400000,64.7,30.9,Mbits/sec,41.3003
37,lia,400000,49.6,47.0,Mbits/sec,48.074
37,olia,400000,36.9,59.7,Mbits/sec,54.0353
37,wvegas,400000,28.2,14.0,Mbits/sec,31.3658
37,pcc_loss,400000,38.3,47.7,Mbits/sec,50.3754
37,reno,550000,50.6,46.0,Mbits/sec,62.6798
37,pcc,550000,45.8,41.2,Mbits/sec,52.2134
37,balia,550000,49.2,47.4,Mbits/sec,60.9902
37,bbr,550000,59.1,37.2,Mbits/sec,61.0558
37,lia,550000,55.8,40.9,Mbits/sec,55.3388
37,olia,550000,56.5,40.1,Mbits/sec,52.9013
37,wvegas,550000,28.2,14.0,Mbits/sec,31.395
37,pcc_loss,550000,44.8,42.7,Mbits/sec,56.269
37,reno,700000,45.4,51.3,Mbits/sec,71.844
37,pcc,700000,45.7,42.8,Mbits/sec,53.3944
37,balia,700000,46.2,50.4,Mbits/sec,72.8315
37,bbr,700000,62.6,33.1,Mbits/sec,59.4333
37,lia,700000,61.8,34.8,Mbits/sec,58.8911
37,olia,700000,60.0,36.6,Mbits/sec,58.8637
37,wvegas,700000,28.2,14.0,Mbits/sec,31.3608
37,pcc_loss,700000,45.5,40.6,Mbits/sec,63.7947
37,reno,850000,57.0,39.7,Mbits/sec,82.5206
37,pcc,850000,41.6,44.0,Mbits/sec,64.9168
37,balia,850000,54.3,42.4,Mbits/sec,64.8673
37,bbr,850000,44.1,52.1,Mbits/sec,50.4245
37,lia,850000,42.2,54.4,Mbits/sec,81.79
37,olia,850000,46.2,50.5,Mbits/sec,63.7259
37,wvegas,850000,28.2,14.0,Mbits/sec,31.3834
37,pcc_loss,850000,47.8,40.0,Mbits/sec,78.308
37,reno,1000000,49.5,47.2,Mbits/sec,85.2494
37,pcc,1000000,53.1,35.0,Mbits/sec,64.4757
37,balia,1000000,51.2,45.5,Mbits/sec,69.4954
37,bbr,1000000,66.1,29.7,Mbits/sec,55.2856
37,lia,1000000,39.4,57.3,Mbits/sec,91.5156
37,olia,1000000,63.8,32.8,Mbits/sec,93.0787
37,wvegas,1000000,28.2,14.0,Mbits/sec,31.3634
37,pcc_loss,1000000,46.9,39.3,Mbits/sec,83.6274
38,reno,375000,49.0,47.5,Mbits/sec,49.4025
38,pcc,375000,47.2,38.9,Mbits/sec,44.2496
38,balia,375000,50.5,46.0,Mbits/sec,51.4302
38,bbr,375000,59.0,37.1,Mbits/sec,51.6523
38,lia,375000,48.7,47.8,Mbits/sec,46.6855
38,olia,375000,51.1,45.4,Mbits/sec,47.1445
38,wvegas,375000,28.1,14.0,Mbits/sec,31.3988
38,pcc_loss,375000,36.1,49.4,Mbits/sec,48.7065
38,reno,400000,46.0,50.6,Mbits/sec,51.6096
38,pcc,400000,42.6,44.3,Mbits/sec,43.2895
38,balia,400000,62.9,33.7,Mbits/sec,48.869
38,bbr,400000,56.6,39.5,Mbits/sec,52.8949
38,lia,400000,48.4,48.3,Mbits/sec,48.3381
38,olia,400000,56.3,40.2,Mbits/sec,52.4252
38,wvegas,400000,28.2,14.0,Mbits/sec,31.3741
38,pcc_loss,400000,46.4,39.5,Mbits/sec,51.5617
38,reno,550000,45.2,51.6,Mbits/sec,61.2268
38,pcc,550000,38.3,49.0,Mbits/sec,47.8123
38,balia,550000,56.3,40.2,Mbits/sec,53.8773
38,bbr,550000,66.6,29.1,Mbits/sec,57.7808
38,lia,550000,57.2,39.3,Mbits/sec,53.8119
38,olia,550000,48.0,48.6,Mbits/sec,61.5252
38,wvegas,550000,28.1,14.0,Mbits/sec,31.3743
38,pcc_loss,550000,36.8,50.0,Mbits/sec,57.6231
38,reno,700000,52.9,43.7,Mbits/sec,71.9625
38,pcc,700000,46.4,41.9,Mbits/sec,55.7596
38,balia,700000,60.5,36.2,Mbits/sec,60.0918
38,bbr,700000,49.3,46.9,Mbits/sec,61.382
38,lia,700000,49.5,47.1,Mbits/sec,70.745
38,olia,700000,59.3,37.4,Mbits/sec,57.795
38,wvegas,700000,28.2,14.0,Mbits/sec,31.365
38,pcc_loss,700000,48.9,39.8,Mbits/sec,65.4332
38,reno,850000,50.8,45.9,Mbits/sec,83.8247
38,pcc,850000,42.5,46.2,Mbits/sec,51.9565
38,balia,850000,43.2,53.5,Mbits/sec,80.8456
38,bbr,850000,68.3,27.3,Mbits/sec,43.937
38,lia,850000,52.3,44.3,Mbits/sec,63.4489
38,olia,850000,43.4,53.2,Mbits/sec,78.5049
38,wvegas,850000,28.2,14.0,Mbits/sec,31.3593
38,pcc_loss,850000,57.3,31.4,Mbits/sec,75.4908
38,reno,1000000,53.5,43.2,Mbits/sec,85.0555
38,pcc,1000000,45.5,41.6,Mbits/sec,55.4451
38,balia,1000000,52.1,44.5,Mbits/sec,70.2223
38,bbr,1000000,65.3,30.3,Mbits/sec,49.3634
38,lia,1000000,37.2,59.4,Mbits/sec,90.8929
38,olia,1000000,36.6,60.0,Mbits/sec,91.3248
38,wvegas,1000000,28.2,14.0,Mbits/sec,31.3793
38,pcc_loss,1000000,37.3,51.4,Mbits/sec,86.5935
39,reno,375000,47.8,48.8,Mbits/sec,49.6149
39,pcc,375000,43.3,42.7,Mbits/sec,46.0474
39,balia,375000,48.7,47.8,Mbits/sec,46.6129
39,bbr,375000,59.0,37.3,Mbits/sec,54.1198
39,lia,375000,48.0,48.6,Mbits/sec,46.5669
39,olia,375000,50.4,46.1,Mbits/sec,46.7487
39,wvegas,375000,28.2,14.0,Mbits/sec,31.3643
39,pcc_loss,375000,43.7,44.7,Mbits/sec,50.7983
39,reno,400000,47.3,49.2,Mbits/sec,51.2881
39,pcc,400000,45.6,40.9,Mbits/sec,44.3994
39,balia,400000,46.8,49.8,Mbits/sec,52.1212
39,bbr,400000,63.1,32.8,Mbits/sec,47.9817
39,lia,400000,49.0,47.7,Mbits/sec,48.331
39,olia,400000,50.5,46.2,Mbits/sec,48.5696
39,wvegas,400000,28.1,14.0,Mbits/sec,31.3576
39,pcc_loss,400000,47.5,41.2,Mbits/sec,50.9798
39,reno,550000,48.6,48.0,Mbits/sec,62.7775
39,pcc,550000,42.3,45.1,Mbits/sec,51.2925
39,balia,550000,56.2,40.4,Mbits/sec,54.6083
39,bbr,550000,40.9,55.3,Mbits/sec,61.3009
39,lia,550000,57.7,38.9,Mbits/sec,55.2611
39,olia,550000,56.4,40.2,Mbits/sec,53.4202
39,wvegas,550000,28.2,14.0,Mbits/sec,31.3841
39,pcc_loss,550000,41.7,46.8,Mbits/sec,61.6183
39,reno,700000,48.6,48.1,Mbits/sec,69.2029
39,pcc,700000,47.9,38.2,Mbits/sec,54.3553
39,balia,700000,50.5,46.0,Mbits/sec,69.6443
39,bbr,700000,65.5,30.3,Mbits/sec,61.5447
39,lia,700000,50.4,46.1,Mbits/sec,69.3999
39,olia,700000,48.7,47.9,Mbits/sec,70.7798
39,wvegas,700000,28.2,14.0,Mbits/sec,31.3436
39,pcc_loss,700000,43.6,44.6,Mbits/sec,71.1374
39,reno,850000,51.7,45.0,Mbits/sec,75.774
39,pcc,850000,53.2,32.9,Mbits/sec,62.1713
39,balia,850000,45.0,51.6,Mbits/sec,78.3794
39,bbr,850000,45.2,51.0,Mbits/sec,62.2382
39,lia,850000,58.8,37.8,Mbits/sec,66.9191
39,olia,850000,43.4,53.2,Mbits/sec,78.0194
39,wvegas,850000,28.2,14.0,Mbits/sec,31.3699
39,pcc_loss,850000,50.7,37.1,Mbits/sec,76.0785
39,reno,1000000,49.8,46.9,Mbits/sec,85.5294
39,pcc,1000000,45.8,42.3,Mbits/sec,52.7241
39,balia,1000000,38.1,58.5,Mbits/sec,90.6217
39,bbr,1000000,61.6,34.2,Mbits/sec,56.814
39,lia,1000000,63.9,32.7,Mbits/sec,95.3842
39,olia,1000000,51.1,45.6,Mbits/sec,67.3043
39,wvegas,1000000,28.2,14.0,Mbits/sec,31.4202
39,pcc_loss,1000000,47.2,38.5,Mbits/sec,84.2336
40,reno,375000,60.2,36.3,Mbits/sec,50.2597
40,pcc,375000,30.6,54.7,Mbits/sec,43.6872
40,balia,375000,49.1,47.5,Mbits/sec,47.5805
40,bbr,375000,44.1,52.2,Mbits/sec,46.746
40,lia,375000,55.0,41.6,Mbits/sec,50.9645
40,olia,375000,38.3,58.3,Mbits/sec,51.8613
40,wvegas,375000,28.1,14.0,Mbits/sec,31.3434
40,pcc_loss,375000,37.2,47.4,Mbits/sec,48.9621
40,reno,400000,52.2,44.6,Mbits/sec,51.8009
40,pcc,400000,47.6,37.7,Mbits/sec,42.1039
40,balia,400000,49.6,47.0,Mbits/sec,48.3988
40,bbr,400000,49.0,47.4,Mbits/sec,56.9605
40,lia,400000,47.9,48.7,Mbits/sec,47.6272
40,olia,400000,55.1,41.5,Mbits/sec,48.9157
40,wvegas,400000,27.8,27.2,Mbits/sec,31.2608
40,pcc_loss,400000,41.3,47.0,Mbits/sec,51.3811
40,reno,550000,46.5,50.2,Mbits/sec,63.1141
40,pcc,550000,41.2,45.1,Mbits/sec,52.0196
40,balia,550000,57.3,39.3,Mbits/sec,54.4476
40,bbr,550000,65.0,30.9,Mbits/sec,55.8559
40,lia,550000,57.1,39.5,Mbits/sec,54.6312
40,olia,550000,62.8,33.8,Mbits/sec,60.8893
40,wvegas,550000,28.2,14.0,Mbits/sec,31.3475
40,pcc_loss,550000,46.0,41.2,Mbits/sec,55.9048
40,reno,700000,49.3,47.4,Mbits/sec,69.3292
40,pcc,700000,49.2,36.8,Mbits/sec,58.5164
40,balia,700000,50.4,46.2,Mbits/sec,70.0381
40,bbr,700000,68.6,27.1,Mbits/sec,57.91
40,lia,700000,50.4,46.2,Mbits/sec,69.6993
40,olia,700000,50.1,46.4,Mbits/sec,68.4314
40,wvegas,700000,28.2,14.0,Mbits/sec,31.3868
40,pcc_loss,700000,47.4,37.9,Mbits/sec,65.3708
40,reno,850000,38.9,57.8,Mbits/sec,84.3917
40,pcc,850000,55.2,32.9,Mbits/sec,66.0404
40,balia,850000,42.8,53.8,Mbits/sec,80.7946
40,bbr,850000,65.4,30.4,Mbits/sec,57.5788
40,lia,850000,44.2,52.4,Mbits/sec,78.9531
40,olia,850000,42.8,53.8,Mbits/sec,79.0619
40,wvegas,850000,28.2,14.0,Mbits/sec,31.3738
40,pcc_loss,850000,36.2,48.4,Mbits/sec,79.7082
40,reno,1000000,55.6,41.1,Mbits/sec,92.3873
40,pcc,1000000,44.3,44.4,Mbits/sec,61.5159
40,balia,1000000,52.0,44.6,Mbits/sec,69.3157
40,bbr,1000000,66.6,29.1,Mbits/sec,51.9993
40,lia,1000000,61.3,35.4,Mbits/sec,68.9754
40,olia,1000000,50.6,46.0,Mbits/sec,68.0189
40,wvegas,1000000,27.2,27.0,Mbits/sec,31.2989
40,pcc_loss,1000000,35.5,51.9,Mbits/sec,82.5331
41,reno,375000,52.6,43.9,Mbits/sec,51.2584
41,pcc,375000,44.8,41.5,Mbits/sec,46.0461
41,balia,375000,47.9,48.6,Mbits/sec,46.6441
41,bbr,375000,84.8,10.5,Mbits/sec,36.9692
41,lia,375000,54.3,42.3,Mbits/sec,51.0071
41,olia,375000,49.6,46.9,Mbits/sec,50.7145
41,wvegas,375000,27.9,26.6,Mbits/sec,31.3131
41,pcc_loss,375000,51.8,35.2,Mbits/sec,47.8268
41,reno,400000,46.1,50.5,Mbits/sec,51.6616
41,pcc,400000,43.8,43.8,Mbits/sec,46.6109
41,balia,400000,52.0,44.5,Mbits/sec,48.5479
41,bbr,400000,84.3,10.9,Mbits/sec,37.0288
41,lia,400000,48.7,47.9,Mbits/sec,48.1682
41,olia,400000,50.6,46.1,Mbits/sec,48.5604
41,wvegas,400000,28.2,14.0,Mbits/sec,31.3421
41,pcc_loss,400000,45.8,40.4,Mbits/sec,49.1267
41,reno,550000,56.6,39.9,Mbits/sec,60.6411
41,pcc,550000,53.7,33.1,Mbits/sec,49.4563
41,balia,550000,54.8,41.9,Mbits/sec,55.7667
41,bbr,550000,45.3,50.9,Mbits/sec,60.389
41,lia,550000,58.0,38.5,Mbits/sec,54.5999
41,olia,550000,45.2,51.4,Mbits/sec,62.5032
41,wvegas,550000,28.2,14.0,Mbits/sec,31.3885
41,pcc_loss,550000,51.1,37.2,Mbits/sec,57.1818
41,reno,700000,51.3,45.4,Mbits/sec,69.188
41,pcc,700000,40.0,44.0,Mbits/sec,51.5615
41,balia,700000,50.1,46.5,Mbits/sec,70.358
41,bbr,700000,65.2,30.4,Mbits/sec,48.2078
41,lia,700000,49.6,47.0,Mbits/sec,70.4339
41,olia,700000,60.5,36.2,Mbits/sec,59.5919
41,wvegas,700000,28.2,14.0,Mbits/sec,31.3735
41,pcc_loss,700000,49.2,37.6,Mbits/sec,66.0892
41,reno,850000,50.4,46.2,Mbits/sec,76.0152
41,pcc,850000,49.6,38.9,Mbits/sec,68.7739
41,balia,850000,61.3,35.3,Mbits/sec,65.7438
41,bbr,850000,63.4,32.4,Mbits/sec,55.1734
41,lia,850000,43.7,53.0,Mbits/sec,79.6925
41,olia,850000,42.6,54.1,Mbits/sec,80.0234
41,wvegas,850000,28.2,14.0,Mbits/sec,31.3911
41,pcc_loss,850000,37.5,48.3,Mbits/sec,76.1505
41,reno,1000000,49.6,47.1,Mbits/sec,85.2146
41,pcc,1000000,54.7,33.6,Mbits/sec,55.0366
41,balia,1000000,50.7,46.0,Mbits/sec,69.326
41,bbr,1000000,61.6,34.2,Mbits/sec,48.3818
41,lia,1000000,63.7,32.9,Mbits/sec,95.0199
41,olia,1000000,64.7,32.0,Mbits/sec,93.347
41,wvegas,1000000,28.2,14.0,Mbits/sec,31.3601
41,pcc_loss,1000000,45.4,42.1,Mbits/sec,85.3715
42,reno,375000,48.5,48.0,Mbits/sec,48.0432
42,pcc,375000,48.7,37.1,Mbits/sec,44.1623
42,balia,375000,36.6,59.9,Mbits/sec,51.9521
42,bbr,375000,58.9,37.6,Mbits/sec,53.7849
42,lia,375000,48.9,47.6,Mbits/sec,50.6121
42,olia,375000,50.4,46.1,Mbits/sec,46.8462
42,wvegas,375000,28.2,14.0,Mbits/sec,31.3202
42,pcc_loss,375000,37.6,49.2,Mbits/sec,47.0865
42,reno,400000,46.9,49.8,Mbits/sec,51.6269
42,pcc,400000,28.2,57.0,Mbits/sec,45.9596
42,balia,400000,35.5,61.1,Mbits/sec,54.5447
42,bbr,400000,65.5,31.0,Mbits/sec,46.9288
42,lia,400000,48.8,47.9,Mbits/sec,48.4529
42,olia,400000,52.4,44.2,Mbits/sec,48.8554
42,wvegas,400000,28.1,14.0,Mbits/sec,31.4219
42,pcc_loss,400000,42.5,42.3,Mbits/sec,49.6876
42,reno,550000,52.4,44.2,Mbits/sec,60.2213
42,pcc,550000,44.6,44.0,Mbits/sec,47.221
42,balia,550000,56.6,39.9,Mbits/sec,55.1325
42,bbr,550000,65.7,30.0,Mbits/sec,54.9506
42,lia,550000,57.0,39.6,Mbits/sec,54.3155
42,olia,550000,57.7,38.9,Mbits/sec,53.317
42,wvegas,550000,27.9,26.5,Mbits/sec,31.3177
42,pcc_loss,550000,33.4,52.5,Mbits/sec,55.2027
42,reno,700000,53.4,43.2,Mbits/sec,68.597
42,pcc,700000,41.8,42.4,Mbits/sec,55.9392
42,balia,700000,49.2,47.5,Mbits/sec,71.4878
42,bbr,700000,66.6,29.1,Mbits/sec,45.0179
42,lia,700000,49.0,47.6,Mbits/sec,71.982
42,olia,700000,48.5,48.1,Mbits/sec,71.0007
42,wvegas,700000,28.2,14.0,Mbits/sec,31.3785
42,pcc_loss,700000,43.2,43.8,Mbits/sec,66.1291
42,reno,850000,50.2,46.4,Mbits/sec,83.555
42,pcc,850000,48.1,36.2,Mbits/sec,59.0468
42,balia,850000,44.6,52.1,Mbits/sec,78.7954
42,bbr,850000,66.0,29.8,Mbits/sec,61.3544
42,lia,850000,55.9,40.8,Mbits/sec,64.4901
42,olia,850000,56.1,40.6,Mbits/sec,62.5708
42,wvegas,850000,28.2,14.0,Mbits/sec,31.3786
42,pcc_loss,850000,41.3,47.7,Mbits/sec,81.9634
42,reno,1000000,51.2,45.5,Mbits/sec,84.7754
42,pcc,1000000,49.7,39.2,Mbits/sec,69.4018
42,balia,1000000,58.1,38.6,Mbits/sec,69.6901
42,bbr,1000000,44.8,51.4,Mbits/sec,50.0493
42,lia,1000000,38.4,58.2,Mbits/sec,90.2785
42,olia,1000000,51.4,45.3,Mbits/sec,67.1957
42,wvegas,1000000,28.2,14.0,Mbits/sec,31.3667
42,pcc_loss,1000000,44.5,43.5,Mbits/sec,85.9839
43,reno,375000,51.0,45.5,Mbits/sec,49.6731
43,pcc,375000,37.4,49.7,Mbits/sec,45.8237
43,balia,375000,50.5,46.0,Mbits/sec,51.3847
43,bbr,375000,42.4,53.6,Mbits/sec,53.8413
43,lia,375000,54.2,42.3,Mbits/sec,50.5712
43,olia,375000,49.8,46.7,Mbits/sec,46.5609
43,wvegas,375000,28.2,14.0,Mbits/sec,31.381
43,pcc_loss,375000,45.0,41.8,Mbits/sec,48.1993
43,reno,400000,48.3,48.3,Mbits/sec,51.2732
43,pcc,400000,45.5,41.4,Mbits/sec,45.2725
43,balia,400000,42.0,54.6,Mbits/sec,47.4297
43,bbr,400000,58.9,37.2,Mbits/sec,54.2742
43,lia,400000,49.8,46.8,Mbits/sec,48.2408
43,olia,400000,53.6,43.1,Mbits/sec,48.0296
43,wvegas,400000,27.1,26.9,Mbits/sec,31.3327
43,pcc_loss,400000,49.9,37.3,Mbits/sec,51.8392
43,reno,550000,52.4,44.1,Mbits/sec,59.9726
43,pcc,550000,40.3,46.8,Mbits/sec,51.8298
43,balia,550000,57.7,38.9,Mbits/sec,54.9401
43,bbr,550000,59.2,36.8,Mbits/sec,60.9595
43,lia,550000,56.4,40.2,Mbits/sec,53.268
43,olia,550000,56.6,40.0,Mbits/sec,53.5037
43,wvegas,550000,28.2,14.0,Mbits/sec,31.3779
43,pcc_loss,550000,42.9,46.0,Mbits/sec,56.6553
43,reno,700000,42.8,53.9,Mbits/sec,69.2183
43,pcc,700000,38.4,49.0,Mbits/sec,53.8649
43,balia,700000,50.1,46.5,Mbits/sec,69.9504
43,bbr,700000,65.1,30.6,Mbits/sec,61.6391
43,lia,700000,58.7,37.9,Mbits/sec,59.7175
43,olia,700000,49.1,47.5,Mbits/sec,70.1171
43,wvegas,700000,28.2,14.0,Mbits/sec,31.3613
43,pcc_loss,700000,40.5,44.8,Mbits/sec,63.8565
43,reno,850000,50.3,46.3,Mbits/sec,83.507
43,pcc,850000,47.9,40.7,Mbits/sec,63.0381
43,balia,850000,43.6,53.0,Mbits/sec,80.1761
43,bbr,850000,67.3,28.5,Mbits/sec,58.3105
43,lia,850000,58.5,38.2,Mbits/sec,65.0114
43,olia,850000,44.1,52.6,Mbits/sec,77.8794
43,wvegas,850000,28.2,14.0,Mbits/sec,31.3377
43,pcc_loss,850000,38.2,49.9,Mbits/sec,77.2217
43,reno,1000000,50.5,46.2,Mbits/sec,85.014
43,pcc,1000000,