30.478
30.779
39.219
40.722
97.809
107.423
173.001
136.082
184.248
251.537
322.84
286.315
383.387
394.594
383.387
468.243
494.564
467.056
532.045
483.954
523.975
511.386
523.975
531.235
509.611
524.506
530.786
525.94
532.13
503.16
529.048
520.149
531.43
521.443
529.635
526.625
530.123
531.26
530.011
530.699
531.289
538.884
525.661
505.146
494.484
530.093
507.325
523.37
528.124
495.541
499.003
509.406
506.687
521.528
531.238
525.38
519.409
512.954
504.144
531.836
530.84
531.498
529.117
501.167
521.47
527.853
508.983
529.098
530.606
512.957
524.768
499.715
530.931
531.015
497.846
519.495
530.233
531.562
507.412
494.506
517.481
531.314
514.359
531.176
531.105
512.175
530.968
522.382
512.921
530.506
531.492
531.701
521.872
501.44
531.911
531.604
512.8
518.304
524.877
531.781
516.313
501.43
530.82
529.888
507.581
530.306
523.96
529.498
530.853
502.586
526.654
528.342
530.639
530.576
527.894
521.285
530.782
529.713
521.657
531.686
530.229
532.636
528.193
509.251
530.719
526.048
532.648
529.965
531.151
524.884
532.726
528.674
528.676
523.975
