30.859
30.793
39.655
45.059
101.792
64.456
168.736
111.589
239.312
214.229
274.227
214.229
255.593
264.893
273.992
264.893
263.023
264.858
271.515
264.858
272.226
279.675
262.817
255.997
273.017
283.422
258.763
258.215
273.709
259.993
262.462
274.312
273.183
278.275
265.372
273.093
273.316
273.229
256.76
247.983
272.948
247.983
273.047
271.91
265.899
259.008
271.48
278.267
259.142
259.58
272.353
265.652
256.389
273.445
272.617
278.722
265.101
272.429
271.921
277.49
257.56
254.072
272.185
264.418
271.565
276.21
268.305
268.629
271.718
275.716
258.954
255.504
271.031
257.015
258.055
271.926
271.865
274.46
256.926
272.467
271.694
268.955
248.474
255.203
270.766
259.254
270.683
277.874
268.949
274.706
270.817
276.772
261.183
259.925
270.127
264.001
254.298
274.009
271.664
271.636
256.821
273.331
271.051
275.427
262.977
267.762
269.46
268.647
270.055
270.168
264.36
269.501
270.131
271.557
259.744
258.013
270.518
265.472
252.985
267.982
270.521
271.231
254.055
269.262
270.21
269.86
247.318
265.073
270.209
271.146
269.75
273.308
267.369
276.668
268.885
273.368
