30.817
30.515
42.692
39.42
94.928
72.602
163.492
138.194
235.573
211.387
270.934
246.967
256.698
264.057
269.606
264.955
271.033
266.206
267.031
271.759
269.795
267.892
258.71
261.645
270.309
264.146
252.815
245.379
276.334
274.217
266.222
260.68
276.337
274.958
276.342
276.368
275.93
270.491
268.498
269.081
269.671
260.361
268.646
268.271
260.405
266.293
268.907
266.342
255.534
271.908
268.429
264.665
248.518
268.974
268.992
264.378
258.017
263.587
269.271
264.695
268.13
265.623
267.258
267.251
267.524
268.065
257.07
269.466
267.674
268.505
250.034
273.457
269.184
267.56
246.657
273.821
268.871
267.518
253.57
267.848
267.115
269.586
253.954
274.258
266.767
268.458
267.144
272.779
258.439
267.048
266.432
271.319
253.36
267.447
266.654
268.526
246.864
267.969
267.128
266.871
245.505
263.8
267.534
265.087
265.471
267.433
265.75
271.767
266.249
271.118
257.738
270.132
266.585
266.627
249.313
263.758
266.439
266.833
245.685
269.717
267.923
268.374
258.703
272.852
266.305
274.224
266.071
276.64
263.095
278.417
265.919
278.434
254.729
282.595
