30.3
30.814
38.745
33.07
88.86
103.901
148.951
168.166
214.445
238.16
268.43
275.448
278.551
280.756
270.664
281.493
279.629
280.7
264.23
276.327
278.793
280.833
267.471
268.158
278.858
281.974
268.297
265.49
277.834
282.077
268.201
271.9
276.688
282.11
272.77
276.059
273.905
281.842
278.153
279.508
267.581
274.94
272.637
275.359
266.912
269.64
273.395
276.415
263.89
261.042
270.282
277.029
264.779
253.492
264.013
269.443
260.522
251.445
261.153
269.796
265.692
269.995
264.682
269.688
267.04
270.046
265.303
259.299
267.797
269.864
264.907
255.444
266.253
271.212
265.619
257.494
264.956
270.524
265.649
262.832
263.792
270.319
263.547
269.267
262.008
264.09
263.891
268.836
261.769
258.671
261.951
268.188
262.013
249.464
264.162
268.524
263.036
247.743
264.289
268.265
265.545
267.018
266.87
267.493
265.105
266.476
267.645
265.828
266.537
266.777
269.391
254.606
266.846
267.058
260.788
250.853
268.857
267.99
268.088
252.982
268.258
267.735
271.14
267.659
268.797
264.451
265.805
266.347
262.325
256
260.572
266.516
258.32
249.628
263.595
266.734
