30.809
30.748
30.558
42.353
64.805
98.035
112.138
165.586
214.082
234.297
214.082
274.542
273.106
267.365
273.106
273.959
263.036
264.89
263.036
273.448
274.359
273.366
274.359
266.851
274.651
273.527
251.021
262.197
251.021
273.531
272.186
260.172
272.186
274.04
273.921
260.06
273.921
273.824
257.2
260.776
257.2
273.015
279.121
272.141
279.121
269.086
283.034
272.54
252.999
264.343
263.033
272.016
275.032
257.686
274.866
272.815
276.062
262.491
275.713
272.629
259.74
257.433
259.74
272.798
271.256
272.239
271.256
270.012
273.375
270.685
259.73
262.104
266.875
271.435
270.675
254.766
272.342
272.679
274.821
255.078
279.763
272.004
257.774
254.623
265.049
271.131
276.14
271.602
275.227
269.245
278.111
271.154
260.577
262.485
260.978
270.097
268.217
254.532
271.093
271.137
271.499
260.489
274.354
270.88
262.365
247.648
267.273
271.08
272.354
271.045
275.807
268.346
271.417
269.491
260.77
260.644
262.888
270.633
268.59
253.31
268.916
270.821
271.27
256.19
271.289
270.485
261.452
265.652
260.985
270.164
271.116
269.207
271.116
267.233
