30.844
30.863
49.361
42.38
101.115
116.727
189.469
152.878
206.454
261.886
336.187
310.477
408.44
310.477
416.272
475.579
471.74
475.218
531.763
480.488
531.08
527.451
531.08
530.314
530.838
530.895
532.135
536.027
521.58
511.204
521.58
527.84
504.176
528.606
529.902
501.461
530.916
499.186
530.241
522.431
530.526
524.947
528.378
525.819
534.217
530.498
524.69
530.532
530.852
499.161
527.302
514.59
504.955
529.857
509.684
506.407
529.005
505.463
492.806
503.133
530.521
522.886
531.014
504.446
523.924
513.524
508.746
530.801
530.653
530.67
529.843
501.575
521.32
531.562
497.941
530.93
530.497
511.177
531.24
501.492
510.325
531.365
529.153
524.98
531.54
531.189
519.362
502.231
516.808
530.882
512.473
518.356
531.52
525.14
528.439
517.952
508.075
529.938
531.413
531.877
530.177
518.044
531.805
530.878
502.96
528.769
530.622
530.846
520.446
509.373
531.079
530.153
502.885
516.678
531.113
531.854
514.584
504.566
532.253
528.499
509.808
530.952
529.636
530.24
530.697
530.115
528.301
524.88
532.212
532.205
524.606
516.439
531.826
530.103
512.308
515.077
