30.593
31.042
42.047
43.621
104.906
102.827
166.131
176.274
219.944
257.647
329.509
321.268
406.603
377.504
471.483
469.955
527.129
530.194
532.139
530.493
514.604
530.163
529.912
527.546
528.385
525.287
531.991
530.898
531.893
529.73
509.307
531.518
532.158
531.936
530.951
532.477
531.141
531.655
520.859
525.379
531.233
531.017
517.423
502.426
531.194
531.162
514.622
529.826
530.998
529.859
513.92
507.757
525.438
529.81
530.549
531.874
529.731
525.284
531.224
531.214
520.399
527.886
527.402
530.427
525.401
519.147
528.886
530.371
530.895
531.299
530.996
527.12
527.456
519.804
529.855
530.888
528.747
530.94
531.662
528.184
527.608
531.578
523.092
519.121
530.861
531.325
530.579
531.019
527.844
528.714
522.001
530.629
530.664
529.605
531.037
532.712
527.565
531.231
530.878
531.874
514.811
526.348
531.575
532.192
522.963
522.082
530.855
529.505
523.354
524.96
529.124
530.64
532.288
532.168
530.16
527.134
532.007
532.205
527.558
530.41
531.17
531.637
516.567
524.997
531.315
531.794
524.987
527.051
528.873
527.156
515.453
521.371
529.663
530.383
530.964
528.586
