30.849
30.875
41.784
47.468
114.064
97.905
149.138
185.621
258.523
200.702
301.095
332.54
301.095
404.72
475.961
405.197
476.217
485.889
476.217
531.983
530.772
532.188
529.917
532.188
530.011
509.601
530.011
531.027
502.027
526.795
529.335
526.795
530.285
499.933
530.798
520.554
500.292
533.861
522.961
530.415
520.827
530.01
530.521
530.598
531.922
536.613
535.78
514.432
498.349
530.406
508.883
528.486
530.637
513.749
500.155
507.955
530.006
527.964
531.692
500.261
520.852
530.497
496.076
531.654
517.708
524.912
531.077
497.706
531.923
531.024
501.276
531.233
525.504
514.647
531.243
497.922
508.577
528.907
515.633
528.392
530.743
509.377
521.406
529.78
500.855
531.586
497.334
518.652
530.46
517.799
515.577
506.193
519.82
530.62
508.541
520.096
531.72
515.787
531.471
523.059
518.77
530.334
530.918
532.227
528.709
517.41
531.833
531.541
519.576
527.384
529.63
528.765
523.302
514.36
532.053
530.312
520.434
531.389
525.114
532.6
531.937
516.559
532.264
521.685
532.179
531.243
516.226
531.982
531.656
532.615
522.76
522.364
532.284
530.733
523.174
531.686
