31.232
31.664
48.218
50.303
116.827
110.673
187.347
185.533
263.185
228.77
264.58
318.87
399.589
379.374
478.042
453.883
497.872
520.569
530.259
530.815
525.738
518.909
532.769
532.438
528.554
511.701
531.476
532.749
518.811
528.84
530.568
488.993
501.34
526.073
532.143
530.393
530.683
515.203
522.268
528.851
532.987
530.605
523.748
513.811
530.462
499.969
529.462
528.808
526.012
531.333
531.532
521.118
530.216
520.445
531.444
530.594
531.994
525.147
530.907
528.905
527.369
517.329
532.447
531.19
506.094
516.546
531.099
531.933
531.426
523.631
529.389
526.477
525.222
531.771
527.955
531.094
531.089
531.196
523.898
525.139
531.93
532.135
520.626
511.959
531.056
530.792
513.122
521.053
531.053
527.852
531.979
521.389
530.018
530.216
531.897
530.384
524.874
530.77
532.07
531.306
511.629
521.431
531.692
530.823
518.292
512.281
530.512
532.202
505.082
517.206
531.685
528.536
531.303
530.743
531.702
528.277
529.747
531.192
525.624
516.924
531.64
532.615
524.768
518.647
527.445
531.636
531.609
532.081
529.207
531.74
531.467
531.796
530.815
528.522
