30.791
30.301
43.133
35.203
95.859
78.8
167.516
142.144
239.524
201.83
270.63
242.048
249.729
258.361
271.123
267.712
252.71
252.148
269.577
266.276
269.769
268.957
267.611
269.602
269.019
269.856
264.956
264.494
268.821
268.307
257.976
257.187
269.804
266.359
253.261
255.132
270.434
264.517
250.354
251.891
270.488
262.479
257.814
253.974
270.804
259.24
269.617
268.453
269.902
267.493
268.921
268.369
267.596
268.999
269.226
268.711
258.738
269.324
268.938
268.063
253.024
268.839
269.823
267.516
254.392
268.899
269.207
266.528
249.566
268.644
269.106
264.193
261.017
267.58
267.767
257.024
270.989
264.207
263.663
259.465
269.712
265.052
259.866
249.496
270.622
252.22
252.045
267.961
270.296
267.961
258.106
269.186
271.132
269.186
262.989
269.86
270.881
269.86
270.264
268.229
268.135
268.229
270.287
259.295
259.524
259.295
269.776
252.977
256.287
252.977
270.305
269.044
251.242
269.044
270.189
269.503
270.236
263.88
270.404
268.565
269.821
269.852
265.943
272.441
278.646
276.882
262.71
268.779
282.057
281.709
297.297
290.906
297.911
283.491
