30.408
30.798
35.001
42.533
83.692
95.661
134.273
167.402
188.047
238.631
250.308
271.187
262.214
257.519
268.67
270.28
269.068
260.838
269.604
269.15
269.693
269.438
270.414
259.842
270.344
269.728
253.391
254.754
264.906
270.572
251.444
250.473
261.983
271.607
254.281
257.997
261.106
270.548
267.939
269.5
266.625
270.038
268.194
269.176
269.038
265.556
268.245
268.941
268.957
258.092
268.075
270.778
269.024
253.262
265.53
269.239
268.933
256.581
264.415
269.185
268.266
259.952
261.65
267.343
268.652
269.628
255.42
264.489
267.874
269.785
249.297
256.945
266.333
270.073
257.771
255.603
265.794
270.909
253.414
255.736
255.679
270.734
267.997
261.454
267.997
270.7
268.69
270.055
269.518
268.68
269.199
269.127
269.199
259.973
267.405
270.832
267.405
250.559
271.155
274.832
273.159
260.54
272.806
280.001
286.098
289.039
274.426
279.059
286.802
295.415
274.179
279.015
297.29
303.987
315.769
316.527
293.85
305.06
320.367
321.826
288.237
298.499
320.346
323.016
301.265
320.247
318.9
324.331
331.956
332.334
312.416
322.61
331.82
332.194
