31.041
31.744
39.332
50.375
114.451
94.381
138.267
182.664
258.95
182.664
272.501
334.343
407.329
377.554
476.288
377.554
490.73
515.318
490.73
531.737
517.858
523.752
530.266
530.181
528.992
511.286
520.886
529.472
502.288
534.769
531.605
529.863
508.176
516.695
532.208
530.769
532.089
495.535
531.542
528.679
512.825
530.694
518.871
527.057
531.12
527.792
499.609
512.319
523.64
530.812
507.393
498.412
530.169
531.476
498.558
510.937
531.105
528.678
530.096
497.714
529.908
529.015
512.181
531
519.197
511.879
530.665
516.579
503.013
515.946
514.462
530.616
529.984
506.127
529.829
498.732
503.254
531.376
521.765
529.313
530.763
517.138
521.007
508.589
510.069
530.849
531.109
531.771
529.726
529.594
530.232
530.003
510.162
530.307
531.261
513.577
525.758
530.418
531.075
531.134
500.962
521.942
532.096
532.185
518.632
511.568
528.714
531.064
515.429
530.807
530.294
528.22
531.21
530.992
531.852
527.207
531.977
532.078
527.582
526.157
531.441
531.972
507.385
519.872
528.295
528.687
531.375
526.585
529.076
531.115
532.237
531.3
530.165
529.425
529.671
531.879
