30.866
31.857
41.439
45.32
112.731
98.265
148.819
185.71
258.934
200.85
300.408
333.006
300.408
406.048
476.422
406.915
476.753
486.695
476.753
531.007
531.592
530.924
530.066
530.924
535.586
519.572
535.586
531.489
511.3
523.413
530.672
523.413
536.84
505.418
521.183
530.138
495.708
530.521
527.121
531.288
511.794
530.997
531.45
531.76
530.305
531.76
528.544
525.653
525.824
530.563
513.971
525.271
530.637
528.118
503.507
513.616
527.584
530.375
506.873
501.291
528.733
531.392
500.136
523.221
528.674
529.464
531.445
503.281
522.131
529.853
512.741
530.371
517.243
502.378
530.862
523.735
514.009
518.031
498.47
530.939
507.649
497.06
528.153
531.719
508.409
531.126
531.065
528.525
530.397
497.025
531.956
518.064
513.253
531.314
530.341
528.234
531.729
512.59
519.938
526.329
531.714
531.049
520.712
510.124
530.489
519.687
512.444
531.014
516.816
530.805
531.942
516.643
523.415
528.808
520.212
531.22
517.601
520.659
531.16
532.232
520.115
508.051
531.397
530.78
510.355
517.942
531.656
531.282
531.684
527.879
531.683
529.442
528.026
532.965
