30.571
30.257
42.645
34.624
95.203
71.267
165.184
125.997
236.019
215.944
268.201
225.372
270.726
268.958
266.044
268.958
270.015
270.424
258.186
258.64
270.025
269.821
252.888
245.588
270.87
252.859
247.902
267.069
271.511
263.247
272.696
271.807
272.148
267.261
287.065
284.689
271.579
271.398
290.799
285.515
284.94
275.426
291.047
284.451
289.041
275.839
289.419
275.792
286.924
286.182
279.58
269.068
288.081
285.043
269.503
262.957
290.12
284.898
266.895
265.253
291.205
284.866
273.845
266.857
291.169
276.157
290.112
289.94
285.46
272.951
296.589
294.027
278.561
270.569
297.141
294.047
271.114
266.316
300.707
293.327
274.021
269.76
301.392
287.462
272.002
265.532
293.261
270.847
305.874
284.113
285.221
274.046
307.868
304.754
281.477
274.128
309.997
304.116
299.456
278.561
310.01
296.987
315.573
303.328
303.51
285.628
317.349
316.162
298.633
291.784
321.722
319.506
317.05
301.459
321.546
319.171
324.066
317.14
323.263
318.057
332.838
332.049
318.544
309.957
334.402
333.588
336.023
331.878
334.161
333.371
342.186
341.568
345.5
342.303
