30.588
30.801
45.504
41.178
97.686
112.768
185.042
148.803
199.928
259.15
331.601
300.7
403.589
300.7
404.226
475.68
483.007
475.893
531.23
475.893
531.833
530.83
531.833
530.284
512.321
529.775
531.74
529.775
527.878
504.823
527.878
529.704
502.84
530.683
522.935
531.73
534.034
494.135
530.07
525.992
530.27
525.992
530.729
529.815
536.466
530.705
513.167
529.44
529.99
494.033
519.037
510.418
513.134
531.847
506.587
500.425
528.93
527.391
500.875
513.827
531.595
524.281
530.974
500.034
528.531
524.208
