30.396
30.886
35.148
32.785
79.658
100.113
116.493
170.953
201.038
243.819
241.293
270.774
251.556
248.336
251.556
270.975
268.174
250.529
268.174
269.801
269.262
269.671
269.262
267.57
269.745
270.213
250.21
259.504
263.057
270.238
253.696
256.649
261.871
270.139
254.504
252.997
256.124
270.86
250.286
252.865
260.696
269.732
260.696
267.557
267.488
269.272
267.488
267.342
267.526
261.382
267.526
267.066
266.214
253.926
266.214
270.493
270.179
252.54
270.934
271.458
275.75
277.51
264.511
276.303
283.978
285.895
272.369
270.474
288.08
290.515
279.304
282.818
285.02
296.576
295.542
295.647
278.789
295.502
296.082
296.705
268.139
283.773
297.81
301.303
265.774
273.506
292.36
301.746
259.97
267.741
284.719
304.428
267.916
278.467
269.904
297.318
285.431
307.694
276.786
289.815
306.786
310.64
279.743
285.679
305.629
313.461
283.368
295.194
300.131
311.62
317.13
318.014
298.686
307.933
320.902
322.907
298.811
303.572
319.015
323.112
324.275
324.096
313.728
323.814
331.681
332.469
317.661
323.725
332.748
333.385
335.698
336
331.807
333.685
