30.915
30.706
42.397
43.21
104.844
109.69
186.314
164.753
217.41
260.269
217.41
334.015
404.507
334.015
439.238
477.309
439.238
477.717
526.367
471.543
513.241
471.543
527.642
530.576
515.329
526.285
529.814
526.543
531.407
531.205
531.407
530.242
531.951
529.45
529.522
529.45
526.466
502.038
503.964
527.702
525.884
530.989
521.974
518.92
529.05
531.615
514.803
521.946
528.944
529.507
531.451
531.9
510.104
531.394
524.46
531.416
530.421
502.562
499.714
526.319
506.619
529.34
531.533
501.124
525.743
509.11
518.821
531.44
496.606
519.402
530.713
500.879
531.276
519.368
520.618
532.469
531.554
530.296
530.42
495.6
531.759
531.803
514.998
529.755
527.5
529.821
525.377
500.982
530.646
530.597
515.134
524.722
530.604
530.457
512.984
505.265
515.999
531.303
531.742
531.27
527.522
529.621
531.072
529.671
519.295
529.224
531.052
531.975
522.516
510.634
532.581
531.17
511.41
522.382
531.107
530.851
516.595
504.664
530.389
530.231
521.302
531.732
529.083
529.978
531.206
515.681
527.438
528.332
531.834
531.868
524.968
519.818
531.72
530.729
