30.513
31.078
34.116
43.55
75.477
95.382
132.564
167.054
164.252
238.094
262.834
270.729
251.269
254.048
259.883
270.983
269.028
269.24
270.268
267.173
269.978
270.043
257.69
258.983
268.173
269.158
266.209
254.419
263.376
269.568
269.292
249.404
263.258
268.563
266.229
250.609
264.092
269.631
250.744
247.23
260.205
268.949
266.645
269.888
257.781
268.956
265.477
269.899
263.675
262.178
267.666
270.284
256.27
254.205
256.27
270.182
262.287
253.216
262.287
269.288
267.552
268.642
265.826
270.099
268.688
269.085
268.951
267.81
269.756
271.274
276.075
260.594
276.851
279.573
270.461
257.644
273.701
281.915
286.008
287.182
278.484
281.568
293.221
294.527
276.413
277.678
293.976
297.656
270.917
272.084
289.902
298.503
295.768
298.683
275.669
296
303.097
304.533
269.751
286.53
302.649
305.637
272.739
279.662
303.361
310.96
280.572
284.075
294.794
309.666
310.08
312.619
284.138
304.232
316.504
318.24
291.988
297.758
317.311
319.698
297.756
307.338
317.75
320.272
326.154
327.051
315.584
323.783
330.27
330.434
313.418
318.551
330.105
331.319
335.319
335.71
