30.46
31.092
40.644
40.034
108.033
100.959
153.795
182.933
256.002
206.368
310.867
330.531
310.867
402.403
474.824
416.642
474.739
435.415
484.571
531.328
523.806
530.494
529.998
529.93
531.089
529.762
531.06
529.066
505.635
526.699
528.727
526.699
529.074
504.098
516.278
530.048
501.528
530.544
522.295
529.591
523.101
530.814
523.913
526.194
531.203
526.194
530.416
530.842
512.352
530.695
511.408
535.383
531.228
515.439
504.076
508.184
525.269
530.669
518.576
500.919
522.305
530.343
508.513
530.647
527.783
525.624
531.272
498.035
530.76
531.357
499.742
530.547
530.636
519.264
531.358
498.138
507.697
530.868
499.572
529.178
530.796
511.552
522.704
528.225
529.775
531.063
498.377
517.886
530.505
518.403
514.841
510.357
519.974
530.286
524.322
531.397
529.477
505.553
531.44
531.127
509.206
527.729
531.085
531.566
522.802
509.896
529.879
530.827
503.436
515.382
531.138
531.671
519.386
506.109
530.316
530.009
519.176
531.258
525.975
531.17
531.061
527.551
527.632
525.986
531.596
532.095
520.672
514.223
529.997
528.361
514.44
524.368
531.138
529.878
