30.984
30.52
37.378
34.188
95.954
74.396
168.382
136.164
239.355
166.416
270.609
259.65
253.277
264.936
271.239
265.572
260.764
267.721
269.732
257.789
270.051
265.94
263.47
261.028
269.538
267.704
257.874
260.747
271.09
267.597
254.291
256.492
271.243
267.185
256.721
257.596
270.779
267.395
264.745
258.503
269.888
265.425
267.595
266.99
267.646
266.571
268.144
266.465
259.717
267.205
268.465
267.602
253.753
267.977
269.881
267.977
248.622
268.554
269.955
268.554
262.671
267.887
270.487
267.887
270.242
266.09
268.187
266.09
270.289
262.416
257.724
262.416
269.148
264.742
251.881
264.742
270.3
259.889
255.839
259.889
270.934
263.338
255.836
263.338
269.806
267.668
269.969
267.668
268.449
269.445
270.287
269.445
257.101
270.143
270.268
270.143
251.409
268.301
270.597
268.301
251.098
266.863
270.463
266.863
258.814
263.945
270.37
263.945
269.413
255.563
267
255.563
270.72
269.136
255.563
253.566
269.707
269.413
251.424
248.566
271.211
266.76
255.031
245.36
272.105
261.838
276.221
275.673
273.392
270.895
286.829
286.215
273.652
296.954
298.87
297.979
