30.923
30.81
43.619
40.897
99.9
113.167
183.638
150.12
209.418
257.975
330.41
303.334
402.513
303.334
415.576
477.755
467.798
479.548
529.984
479.548
529.468
531.381
529.528
530.22
518.65
530.59
531.346
530.59
520.033
501.772
520.033
529.662
500.814
531.053
528.683
505.823
530.582
498.867
527.756
522.765
529.449
520.441
531.233
530.686
531.422
530.212
521.173
530.566
530.831
522.815
526.421
508.894
502.016
530.573
514.239
503.441
530.024
500.594
496.166
509.886
529.907
522.86
531.279
504.312
527.54
525.359
502.502
531.439
531.131
531.154
531.084
495.5
516.401
520.734
502.417
530.991
529.109
517.554
529.991
500.955
506.245
531.212
531.448
522.58
531.29
501.25
523.392
502.972
530.639
531.002
520.651
527.59
531.558
514.12
526.225
514.197
528.976
530.879
530.492
521.847
530.67
518.763
532.235
531.412
526.518
527.506
531.23
523.857
523.876
515.465
530.244
531.497
499.975
512.874
532.445
528.851
531.366
516.805
531.847
529.971
502.537
519.509
527.358
531.284
532.271
529.38
529.701
524.745
532.192
532.14
522.104
517.949
528.056
528.603
