30.852
31.829
42.225
46.918
111.94
101.241
153.31
185.911
257.554
206.341
309
331.187
309
404.515
474.912
415.148
474.969
440.003
474.969
530.56
522.522
528.375
530.49
529
531.512
531.416
531.512
530.686
505.54
527.849
527.521
527.849
527.031
502.229
506.734
528.542
505.684
530.43
525.277
526.178
533.9
528.932
521.101
526.401
529.976
532.576
530.041
525.531
507.053
530.117
511.549
526.212
530.163
511.76
509.207
529.906
505.476
527.805
531.566
507.283
521.648
501.897
510.193
530.989
510.621
517.994
530.314
507.614
531.093
531.566
507.171
529.954
530.479
533.123
529.368
494.329
530.479
530.418
501.491
525.349
531.125
532.078
517.911
496.441
528.868
531.1
498.668
512.686
530.588
524.789
525.529
514.685
508.578
530.656
523.376
530.382
529.011
505.074
531.753
530.066
508.793
524.866
531.154
532.037
517.531
504.613
530.511
531.777
503.303
512.872
529.765
532.049
531.077
504.615
531.436
528.324
504.58
530.868
524.383
532.141
530.645
515.892
524.822
533.333
531.858
532.269
514.413
509.988
531.031
528.903
519.076
531.437
523.811
529.498
531.086
532.201
