31.199
31.649
41.184
44.573
110.996
105.563
172.448
182.944
258.878
234.427
332.252
319.686
404.494
395.201
461.7
479.946
511.168
526.134
531.282
531.656
521.792
532.309
530.989
535.552
503.315
516.691
529.104
531.681
507.599
495.727
528.488
532.078
532.363
530.201
531.439
526.24
510.352
504.151
520.454
530.745
530.96
531.478
530.063
528.507
530.486
524.427
522.437
528.048
531.275
530.03
526.535
522.259
532.163
530.642
524.321
528.965
529.625
531.157
530.971
527.731
528.707
530.816
528.286
531.108
529.223
531.487
531.608
530.916
530.521
515.013
531.98
531.064
527.073
531.183
530.78
530.162
530.145
528.299
530.788
528.524
531.645
528.509
527.288
529.071
526.725
531.647
528.238
530.096
531.903
532.149
531.224
528.711
532.343
531.082
526.805
530.81
530.438
531.234
522.393
522.334
532.017
530.994
517.415
513.687
531.41
529.991
532.031
531.576
531.076
529.948
530.752
520.147
527.092
528.029
531.881
531.286
525.655
530.922
531.396
531.888
525.85
526.435
531.437
532.211
527.182
523.876
530.438
531.436
527.192
527.194
531.386
530.327
531.036
532.063
530.546
531.842
