31.135
31.743
37.893
41.279
96.603
93.428
168.854
93.428
239.269
181.322
270.309
181.322
246.198
263.566
270.04
268.882
246.166
268.882
268.456
253.184
268.763
253.184
263.895
268.548
268.443
268.548
255.888
269.812
268.852
269.812
251.183
260.552
269.583
267.74
251.775
268.278
269.66
269.931
245.48
269.931
268.604
260.598
255.419
260.598
267.428
268.392
268.223
268.392
258.898
267.43
267.977
267.51
251.866
267.319
268.571
267.589
246.516
266.821
268.421
268.904
252.498
268.904
266.912
259.733
266.956
259.733
257.457
267.171
267.947
267.171
250.217
252.495
268.002
252.495
249.211
263.637
267.581
266.238
250.184
266.718
267.49
259.984
266.07
259.984
264.06
263.292
266.674
263.292
255.744
266.392
267.123
266.392
248.807
262.228
266.098
265.398
242.624
265.527
266.572
252.374
266.02
254.289
264.352
261.226
267.289
261.226
255.638
264.695
266.041
264.695
249.295
264.805
267.153
265.913
247.532
266.362
266.649
266.577
265.46
266.313
265.415
266.047
265.683
266.259
259.461
266.831
265.786
266.847
246.943
265.507
266.56
265.507
252.881
265.878
