30.885
30.784
43.22
44.747
112.457
103.301
163.964
189.868
264.121
218.081
332.638
296.898
332.638
409.902
475.524
438.975
475.48
438.469
471.496
528.072
479.137
513.63
531.222
522.576
529.774
524.314
528.591
529.935
531.465
532.128
531.726
537.44
529.358
529.78
518.24
526.138
516.741
534.402
526.667
501.647
521.938
530.481
493.457
514.674
530.421
528.784
522.623
511.604
517.384
530.69
531.505
530.27
529.998
514.582
530.851
528.05
492.521
527.595
530.127
527.307
522.827
511.91
530.204
530.462
499.071
512.633
530.903
523.861
515.746
504.572
504.188
529.736
516.797
531.551
530.734
507.276
531.844
531.904
498.573
526.823
531.756
532.099
521.72
494.552
530.686
531.336
494.039
510.883
530.161
531.51
510.1
497.751
532.452
530.635
498.844
523.463
529.857
523.942
531.604
502.773
522.288
529.203
517.894
531.151
524.682
517.113
531.402
528.475
518.693
531.48
528.039
530.36
528.959
522.558
528.748
529.377
531.646
531.581
528.072
526.01
531.528
527.76
523.325
525.969
530.363
531.092
507.785
521.158
530.513
531.679
521.714
513.19
531.568
530.805
514.846
531.656
