30.387
30.839
35.353
42.815
76.474
96.455
127.368
166.779
220.738
236.859
246.979
271.038
268.215
257.63
258.782
270.171
259.538
270.433
263.806
267.153
257.804
270.261
254.231
260.032
266.965
269.709
259.046
253.541
266.816
270.105
265.07
257.281
269.638
276.189
276.234
268.76
276.234
275.267
268.24
267.889
266.773
269.705
266.037
268.976
266.037
262.457
264.118
268.734
264.118
256.73
257.896
268.124
247.956
249.268
265.691
269.664
254.694
254.916
263.121
269.412
266.722
268.147
262.749
268.217
267.814
267.469
266.234
256.529
265.282
267.939
265.889
253.416
262.036
269.898
257.983
249.433
261.823
269.028
258.085
256.874
258.554
267.269
259.566
266.413
258.351
265.706
258.308
267.111
259.088
257.321
261.615
266.088
264.472
251.226
262.311
267.144
263.28
253.233
265.688
266.481
262.219
259.046
260.047
266.908
260.234
265.69
261.066
263.603
264.051
266.898
262.501
252.654
264.386
266.626
264.289
250.069
265.036
267.598
260.305
244.033
260.305
267.534
266.339
253.968
268.863
264.853
270.586
264.892
276.021
259.503
278.356
265.435
281.923
251.99
