30.695
30.452
42.702
37.284
96.047
91.966
167.056
158.888
236.138
227.213
278.816
269.761
281.081
282.193
273.081
270.365
280.588
279.553
265.626
269.288
280.417
280.059
259.946
269.091
280.715
277.9
263.197
263.836
281.147
262.564
269.841
268.469
281.038
278.799
279.778
279.391
280.677
267.287
279.867
280.032
270.436
268.589
278.564
264.138
256.423
260.792
270.108
267.358
249.623
258.666
270.545
273.866
254.489
261.942
270.878
271.899
268.925
270.273
270.215
265.375
268.825
266.279
266.932
271.724
268.553
267.441
255.176
266.209
269.188
265.267
250.802
263.384
269.673
269.879
251.579
270.367
269.265
266.688
268.143
271.573
268.432
265.396
268.152
269.457
259.342
268.134
265.485
268.781
250.906
266.532
266.364
265.84
248.566
265.052
267.708
266.511
251.051
266.577
266.355
263.299
251.357
262.308
266.886
265.322
267.057
271.552
259.926
265.33
266.784
264.927
253.703
267.461
266.449
273.036
248.221
274.016
268.984
271.738
253.033
269.369
267.949
273.973
251.879
276.308
267.013
277.623
265.734
271.587
260.116
269.28
265.535
273.315
250.102
274.015
265.633
276.133
