30.521
30.918
41.998
43.53
110.812
107.147
158.126
185.369
257.576
218.039
319.307
330.343
339.974
403.532
477.601
437.557
495.442
437.557
519.576
531.722
524.421
514.559
532.113
534.473
532.142
528.791
535.24
531.146
531.109
531.658
529.455
536.457
528.728
530.752
523.666
529.202
531.064
528.048
525.025
503.419
520.448
530.734
493.031
517.96
531.497
532.798
531.056
517.045
524.047
529.624
531.812
531.342
530.311
500.613
531.888
531.156
501.815
528.192
530.901
498.336
523.686
504.146
530.31
530.74
500.129
517.24
530.855
527.932
513.243
502.957
515.191
531.211
509.767
531.383
530.57
516.427
531.05
529.66
504.255
528.972
532.089
532.205
522.889
512.995
530.522
530.135
503.964
515.809
530.277
531.972
513.749
505.502
530.583
528.998
505.139
531.696
528.44
532.278
531.358
505.751
530.843
527.383
513.842
531.096
526.245
521.514
530.22
528.709
511.369
520.844
527.697
532.475
523.907
513.22
530.989
529.773
514.606
531.395
531.026
528.346
530.968
529.952
523.871
531.52
528.938
531.277
518.88
522.365
531.239
531.424
521.674
521.75
531.576
531.554
