31.088
30.454
41.997
35.173
97.267
76.138
169.309
133.154
239.261
183.402
270.446
263.039
256.453
254.171
270.841
262.445
261.999
268.485
268.657
270.106
270.067
270.534
267.824
257.582
269.695
269.444
261.658
271.749
270.406
269.495
257.456
269.704
270.223
268.192
251.897
258.436
270.398
268.365
249.371
269.186
269.18
266.644
253.338
269.073
268.069
264.982
269.34
267.805
267.445
262.664
270.042
267.409
263.263
261.221
270.083
265.92
257.769
252.534
270.098
254.712
253.756
258.764
270.201
258.764
258.478
262.714
270.899
262.714
261.388
264.675
269.377
264.675
270.269
268.999
265.511
268.999
272.17
271.653
260.667
257.173
282.25
279.168
287.766
272.939
286.889
279.162
294.191
292.383
283.349
282.641
300.907
297.313
283.444
274.158
304.084
297.171
278.127
270.349
300.671
282.814
308.036
307.037
290.968
273.13
310.554
308.682
284.811
279.807
314.043
309.658
287.377
282.486
311.743
302.326
318.061
317.511
308.133
298.478
323.435
322.51
305.285
301.785
323.304
321.71
324.712
305.794
324.877
322.285
333.574
332.595
326.158
319.908
334.456
333.742
