30.897
30.842
41.708
48.146
113.542
96.278
139.586
177.695
259.097
177.695
278.92
334.576
408.038
379.833
466.017
379.833
467.714
506.129
467.714
531.932
522.77
522.313
529.689
531.148
530.161
511.267
527.779
530.819
509.993
536.367
529.893
531.205
500.752
518.292
531.168
530.953
516.182
495.61
531.32
530.667
507.785
530.98
529.186
525.8
531.367
526.193
500.705
518.73
530.802
531.223
511.248
489.328
526.98
530.976
494.541
506.264
530.217
528.757
507.171
493.963
527.783
529.451
489.127
511.712
528.248
506.205
530.758
520.287
506.321
524.71
528.366
531.148
515.999
506.358
530.482
530.355
506.355
511.662
531.511
529.391
503.336
494.683
531.71
529.903
500.588
530.43
528.822
525.948
531.252
507.143
530.61
529.717
516.005
530.441
523.081
512.635
531.046
528.519
505.656
517.093
515.704
530.991
524.438
507.157
529.278
530.55
511.293
531.034
525.503
528.451
531.167
501.368
529.134
528.903
531.868
531.266
513.277
523.419
530.795
513.802
520.425
520.099
531.054
531.923
527.736
531.187
530.921
526.604
532.161
531.76
530.94
525.501
531.418
530.272
