30.519
30.328
41.833
34.294
93.786
77.077
164.908
111.365
234.323
192.299
269.933
236.88
269.925
265.538
269.329
263.549
269.271
268.784
265.138
268.784
269.522
269.768
258.114
269.768
270.759
270.3
253.912
256.254
271.144
266.398
255
253.53
270.487
265.209
267.563
254.357
269.378
262.171
268.21
262.171
268.628
258.432
269.015
258.432
260.345
264.989
269.58
264.989
256.288
268.307
269.978
268.307
259.524
269.291
270.444
269.291
270.021
269.2
269.843
269.2
269.856
269.065
264.513
269.065
269.391
268.546
252.21
268.546
271.142
265.696
249.124
265.696
270.815
265.674
259.389
265.674
270.191
258.708
269.544
258.708
267.992
268.846
269.793
268.846
260.406
269.095
270.072
269.095
256.295
268.961
271.051
268.961
258.425
268.507
270.975
268.507
261.63
264.563
269.513
264.563
270.701
255.362
258.402
255.362
269.505
268.343
249.021
268.343
270.706
270.682
245.626
252.84
270.639
269.436
268.226
247.847
268.009
263.643
267.908
267.657
263.67
256.115
268.664
267.763
255.611
269.07
270.896
271.436
247.129
271.436
270.006
267.673
244.821
267.673
271.984
250.396
