30.899
31.957
43.264
43.183
107.28
105.041
164.306
187.653
258.673
217.786
331.798
217.786
338.035
405.703
476.514
439.397
477.365
439.397
477.718
526.224
487.998
512.953
532.228
529.654
530.333
518.669
519.464
530.181
530.301
532.083
529.649
532.083
529.18
529.902
526.46
528.188
505.306
525.329
524.542
505.303
531.79
531.94
501.804
518.388
530.565
529.933
516.981
509.262
527.601
530.5
531.737
530.654
529.043
498.068
531.502
530.344
504.342
527.367
531.298
502.671
520.696
497.24
528.658
531.483
495.357
513.172
531.501
530.836
510.586
497.641
519.8
531.653
510.554
531.88
530.302
519.137
531.401
531.763
498.359
526.741
528.654
531.816
520.64
508.287
530.018
531.484
503.342
512.579
529.172
528.553
530.683
508.224
532.664
529.991
498.323
530.805
527.952
531.2
531.729
519.195
524.628
527.496
526.961
531.364
526.127
524.512
531.666
527.592
519.315
532.061
527.207
530.747
530.779
523.514
524.534
530.45
528.735
530.898
528.739
527.751
527.735
531.271
515.923
504.421
528.563
531.584
529.21
531.816
526.447
530.481
531.66
526.332
529.611
529.787
531.592
531.862
