30.487
30.823
39.438
30.558
92.501
65.799
160.608
113.249
229.068
201.461
273.171
201.461
274.889
246.039
271.909
246.039
273.531
274.831
260.645
274.831
273.238
274.387
259.233
249.356
273.972
249.356
265.63
273.828
273.858
273.828
265.639
274.362
274.033
274.362
263.644
252.03
271.359
252.03
272.857
271.884
264.089
271.884
272.877
273.716
261.97
258.417
273.372
263.885
255.287
274.554
273.22
274.554
262.906
276.761
272.917
276.761
271.873
260.848
271.966
260.848
271.787
276.329
262.029
280.784
270.815
281.933
256.084
252.146
271.426
266.121
257.832
271.219
272.164
271.473
272.04
271.534
271.521
276.443
271.242
258.155
268.174
260.776
271.5
270.718
255.739
275.981
272.062
275.972
260.16
260.271
272.061
271.824
258.491
269.932
270.982
277.676
270.511
272.792
270.313
280.722
270.753
259.105
260.44
264.011
270.144
274.464
252.241
277.654
271.158
277.021
251.287
251.965
269.862
261.619
270.558
271.633
268.082
276.208
269.904
272.38
263.059
280.652
269.953
267.403
251.86
269.11
269.176
269.072
252.359
275.053
270.084
280.256
268.936
261.648
270.366
269.665
