30.811
30.389
32.674
34.652
99.772
73.423
170.707
136.547
242.674
209.716
268.742
240.592
247.555
257.881
269.403
263.516
255.036
268.486
269.72
269.513
269.406
269.708
269.607
263.306
269.086
268.838
261.492
249.688
270.327
261.742
259.547
267.894
270.598
260.29
253.808
267.442
271.114
255.178
248.275
267.009
269.7
268.282
258.498
269.224
268.833
269.749
269.306
269.617
267.483
269.076
269.275
269.062
259.193
269.409
269.123
268.928
253.291
269.788
268.475
269.1
255.638
270.221
268.71
270.107
246.773
267.469
268.556
267.469
269.538
263.73
267.666
263.73
270.078
255.019
260.997
255.019
269.876
268.435
255.752
268.435
270.676
268.914
255.475
258.595
271.442
268.858
261.908
251.939
270.143
267.349
267.475
267.349
267.43
262.614
267.57
265.996
264.787
255.814
268.778
267.6
256.534
269.235
269.643
268.595
248.816
268.88
272.3
270.421
255.017
279.162
279.134
273.646
289.548
280.213
278.172
273.394
303.125
300.488
318.253
318.081
311.175
300.957
324.13
323.496
304.588
296.864
322.126
320.63
303.07
300.173
320.758
319.564
314.582
299.419
