30.872
30.389
38.77
34.845
96.727
74.538
167.392
118.168
237.647
211.994
268.789
233.365
266.141
267.149
269.501
267.149
269.56
269.482
268.409
269.349
269.557
269.684
258.944
257.308
269.978
269.34
254.877
245.632
270.689
261.986
251.423
267.185
271.653
267.175
266.395
259.516
278.164
267.843
283.945
283.186
275.284
272.816
290.454
288.609
278.355
274.818
290.285
284.368
261.449
264.158
288.677
279.213
270.579
263.231
288.883
272.957
286.903
286.748
277.332
266.745
290.154
287.604
271.265
266.328
291.441
287.217
275.247
268.8
302.879
291.797
301.407
301.447
291.785
277.834
305.851
304.629
286.692
276.171
307.456
304.363
278.909
275.545
307.29
300.258
277.034
275.814
307.091
296.504
321.953
321.155
312.594
302.907
328.072
326.676
331.771
321.64
325.717
323.261
332.341
332.262
324.043
319.441
333.119
332.05
326.488
322.167
331.846
331.742
340.607
340.319
344.485
334.552
364.668
364.572
371.342
371.276
373.725
372.334
377.537
374.793
369.873
363.131
382.379
382.36
383.277
378.499
388.773
388.324
386.864
384.412
384.97
383.68
379.43
379.233
378.06
372.873
