30.356
30.798
34.306
43.247
84.501
98.763
158.316
170.106
220.913
240.57
266.562
277.186
276.811
277.409
270.158
276.584
274.3
276.583
270.879
267.963
273.617
276.979
268.279
262.583
272.019
277.718
259.169
256.383
272.068
277.014
256.955
255.819
271.133
277.515
270.792
260.353
268.643
271.83
269.435
258.564
256.55
271.229
264.996
270.667
265.344
263.632
261.436
270.441
260.426
253.986
264.791
269.67
258.934
250.127
263.721
268.939
258.457
254.283
261.006
269.854
266.713
263.657
265.28
267.986
264.336
268.122
259.006
257.487
260.474
268.548
263.473
249.699
265.526
268.513
265.914
246.682
270.606
269.508
260.572
245.496
263.119
267.736
262.731
266.256
257.064
265.74
261.85
265.526
267.595
257.443
265.365
265.859
270.08
248.22
270.747
267.058
274.107
247.428
269.544
268.171
267.301
247.888
265.375
266.852
267.791
266.148
264.901
263.206
268.966
265.89
266.154
254.791
267.53
265.84
265.708
250.24
272.916
266.588
266.187
242.083
271.907
266.594
272.128
260.891
274.701
263.835
274.785
265.316
275.239
253.222
276.542
265.615
277.785
248.918
277.051
266.115
