30.815
30.32
42.579
40.389
102.253
77.063
165.543
147.319
234.116
213.104
274.908
267.094
280.779
278.541
275.936
269.265
281.847
278.825
268.087
268.644
282.184
278.05
266.065
269.257
282.813
276.368
268.164
269.463
282.779
275.823
263.307
267.788
281.989
272.211
280.7
279.782
281.064
271.54
280.693
280.493
272.895
267.969
274.587
273.749
263.794
265.811
277.828
274.255
257.133
268.047
277.977
272.42
257.895
278.07
268.177
268.211
254.386
262.254
271.037
264.66
260.911
264.528
269.465
264.693
269.119
270.843
263.171
264.464
268.918
275.004
255.103
269.897
269.564
272.184
246.768
264.218
270.199
261.805
249.434
262.076
270.262
273.733
260.202
274.431
268.271
265.329
268.411
267.538
260.44
261.613
268.656
266.075
252.983
266.752
268.869
272.764
242.949
267.971
267.759
272.309
249.716
265.997
268.302
271.745
266.329
266.158
265.047
274.895
267.207
268.185
256.346
271.337
265.775
266.675
249.262
265.71
268.118
269.071
246.666
262.223
267.386
263.505
258.844
264.345
266.215
264.345
266.289
267.737
265.02
267.737
265.818
264.032
255.466
262.649
267.051
267.893
