30.903
30.426
42.657
41.035
96.183
67.038
168.845
120.097
240.254
222.806
270.977
236.383
250.058
267.196
270.6
267.196
257.607
266.041
268.832
266.041
269.928
266.498
264.764
254.228
269.691
266.085
257.619
259.912
270.631
268.569
254.155
261.202
270.657
264.51
248.275
266.028
270.716
266.028
247.271
265.022
268.937
265.022
268.221
266.397
266.347
266.397
268.765
259.697
256.695
266.24
266.412
263.626
248.255
259.315
267.568
261.244
247.007
261.089
267.86
264.53
250.595
262.294
267.439
266.104
266.85
266.479
263.214
263.165
266.13
262.288
254.419
257.517
266.787
259.951
249.045
259.136
268.018
262.296
250.055
262.296
266.909
263.696
266.639
264.017
264.737
259.733
266.797
260.767
255.569
263.31
265.593
263.31
250.465
268.483
266.53
269.791
245.389
274.26
266.725
275.283
251.293
275.216
266.464
276.696
265.967
280.193
261.015
283.75
265.747
282.04
254.09
283.186
265.654
282.359
247.982
283.883
266.461
286.765
241.313
286.581
267.018
288.992
261.703
282.261
265.839
282.08
265.564
282.32
261.16
282.48
266.004
282.216
251.531
285.702
264.833
289.003
