30.488
30.335
41.673
34.73
93.991
72.899
164.795
107.384
236.449
213.481
269.514
229.447
265.359
268.447
269.083
268.447
269.507
269.175
266.028
269.039
269.821
270.306
255.292
249.052
270.322
265.031
253.043
254.567
270.957
258.391
256.156
267.373
270.91
261.963
257.916
266.412
270.399
267.576
269.436
268.682
263.697
269.29
268.234
268.802
257.74
269.373
268.881
269.246
253.026
269.684
268.591
269.684
254.079
269.528
269.717
269.528
262.145
269.907
270.078
269.907
269.366
268.229
260.582
268.229
270.65
267.254
252.439
267.254
271.446
264.288
249.242
264.288
270.631
256.329
259.029
256.329
269.891
269.066
265.044
269.066
269.867
268.893
269.794
268.893
260.862
268.879
269.104
268.879
255.962
268.733
270.922
268.733
253.814
267.012
270.235
267.012
251.41
263.975
268.585
263.975
269.341
258.15
269.18
258.15
269.975
269.216
260.963
269.216
269.918
268.929
253.212
251.73
270.831
267.611
252.277
247.796
275.718
273.689
278.638
278.056
278.506
288.841
290.441
290.026
280.842
276.238
311.715
310.55
318.466
318.521
310.095
300.865
331.039
329.809
311.202
302.502
