30.62
30.809
38.684
43.195
108.12
88.839
138.754
183.202
244.875
251.728
260.837
317.447
398.925
346.122
464.136
445.704
514.116
530.925
514.116
531.578
507.664
531.784
521.99
530.667
536.546
506.399
532.243
524.621
513.128
497.94
531.883
531.348
499.291
527.794
529.482
535.292
530.529
519.59
532.762
530.913
505.003
531.262
517.733
495.736
530.841
530.471
500.965
514.587
530.372
529.782
517.758
505.405
527.555
531.692
496.271
510.019
528.7
530.693
531.183
516.42
531.034
528.476
511.477
530.897
525.056
517.372
530.689
527.867
516.845
525.581
511.473
531.241
531.432
508.452
528.088
528.531
529.12
531.292
530.091
526.299
530.508
527.762
521.816
518.451
532.615
531.44
521.143
523.625
530.899
530.544
517.956
508.629
531.034
529.756
530.573
522.98
529.337
526.981
531.906
531.717
528.399
528.349
531.693
530.881
521.828
512.674
528.518
530.096
509.553
515.672
529.168
529.48
531.303
511.863
532.566
527.648
523.921
531.313
528.429
530.645
530.364
528.904
520.64
525.313
530.718
531.135
518.685
512.659
530.604
529.156
520.747
531.507
530.994
531.145
531.575
527.533
