30.82
30.864
48.658
42.017
101.459
115.951
187.968
154.517
207.138
262.149
334.319
312.917
406.879
312.917
418.332
476.267
448.936
477.071
531.549
485.748
532.012
526.29
535.633
529.963
523.43
529.756
526.812
529.987
518.419
509.812
523.105
531.226
502.776
529.467
529.942
507.558
530.898
495.756
530.881
521.2
529.515
505.626
527.809
530.624
534.709
531.309
527.259
527.778
530.227
509.387
523.79
518.655
498.925
531.41
509.545
503.448
530.738
502.972
494.924
505.099
530.627
527.811
530.565
497.214
526.715
528.952
501.081
529.462
524.411
529.758
531.263
504.795
522.222
528.421
501.166
531.325
518.83
507.245
530.885
510.563
508.947
521.945
503.783
530.46
531.091
507.22
526.073
530.346
514.739
531.254
529.825
519.476
530.172
518.447
520.075
513.036
520.622
531.055
507.627
519.576
531.877
531.877
529.068
520.043
526.453
530.446
523.6
532.26
528.607
526.324
531.343
531.224
530.757
527.296
529.972
528.785
523.204
510.456
531.789
531.342
505.484
519.238
531.826
531.977
528.772
510.137
531.627
530.007
511.502
525.381
526.456
530.912
530.901
523.237
530.826
526.691
