30.818
30.825
47.638
42.289
100.203
114.953
185.327
152.903
210.361
261.554
332.625
309.593
404.066
309.593
417.104
474.224
466.978
474.548
530.763
474.548
531.076
532.323
531.053
530.342
522.835
530.214
531.39
530.214
519.651
510.77
516.253
530.792
504.911
533.362
530.811
509.816
520.342
499.908
530.113
524.55
531.32
508.953
530.607
531.581
525.846
531.047
528.244
531.129
530.853
523.129
519.15
518.107
527.961
531.141
506.537
497.326
530.394
522.679
495.251
505.702
531.803
527.993
523.61
500.91
530.182
530.632
505.778
531.424
529.413
526.501
530.671
499.061
516.615
526.503
503.492
531.446
517.894
516.062
531.29
519.618
505.776
515.926
530.187
531.486
529.684
499.494
521.785
530.714
506.085
530.838
530.868
526.447
531.445
499.847
525.358
526.057
527.257
530.898
528.357
518.174
532.16
509.437
510.633
519.93
500.286
531.421
531.226
512.307
529.754
509.526
512.211
531.119
530.558
522.711
530.498
528.748
524.101
512.422
531.442
531.317
514.868
523.38
529.318
529.327
530.507
517.613
531.929
530.674
531.516
530.924
524.979
531.727
531.786
531.499
