30.795
30.435
42.144
41.587
110.362
101.389
153.648
183.072
256.306
208.079
311.3
329.008
327.654
402.532
473.967
417.439
475.569
417.439
488.613
530.807
527.713
531.982
531.531
531.14
531.561
530.901
531.39
529.008
505.567
523.395
527.86
523.395
528.799
508.234
504.992
527.221
512.783
531.604
521.357
526.219
528.48
531.419
518.723
523.709
528.56
525.358
531.099
531.29
506.151
531.692
510.096
530.291
529.352
522.654
503.623
531.289
517.316
525.674
531.272
504.636
521.254
518.119
511.587
530.415
509.572
518.02
530.99
499.95
531.27
531.51
500.343
531.28
531.976
530.818
529.513
503.629
530.753
531.148
500.019
524.909
531.266
532.057
517.253
495.86
530.568
531.716
500.115
516.48
530.885
528.597
531.263
510.465
526.076
528.36
528.293
530.414
526.96
524.76
531.129
532.019
502.722
519.31
531.62
532.269
518.074
507.172
531.239
530.394
506.376
526.497
529.217
528.622
531.452
507.777
531.97
530.546
524.238
531.232
526.97
528.388
531.242
530.322
506.739
518.741
528.181
530.424
524.825
513.706
529.559
529.899
532.142
531.287
529.977
527.538
530.777
521.052
