30.507
30.284
41.527
35.126
92.87
71.582
163.054
110.417
235.956
181.074
270.975
247.733
261.792
255.574
270.188
267.807
270.457
259.496
265.364
266.679
269.625
264.975
257.226
267.146
269.023
268.029
251.517
261.857
268.068
261.857
248.626
256.473
269.818
258.776
250.472
253.551
270.428
253.551
268.926
264.584
270.58
257.971
268.19
265.059
258.52
257.859
266.086
264.618
252.429
262.729
266.676
264.638
250.067
264.26
269.056
264.26
245.143
267.152
269.857
267.152
261.076
267.402
269.682
267.402
269.982
268.396
258.997
268.396
269.845
268.395
251.408
268.395
270.815
266.749
249.927
266.749
270.26
265.966
253.916
265.966
270.529
263.125
269.487
263.125
269.27
257.177
270.503
257.177
260.289
267.601
270.603
267.601
254.895
269.194
270.334
269.194
258.425
268.982
270.573
268.982
257.007
267.944
270.058
267.944
275.17
273.46
268.509
273.46
282.856
281.284
267.806
269.943
295.639
292.391
308.43
306.162
297.852
287.788
311.316
310.583
296.488
290.768
322.548
317.958
328.335
325.485
318.693
308.715
330.676
330.105
313.295
307.349
332.798
332.184
340.184
339.742
