30.462
30.858
44.108
41.55
98.564
112.802
179.626
143.013
191.544
257.031
330.544
290.247
394.212
399.305
394.212
474.296
493.248
479.556
531.135
479.556
530.288
523.345
530.288
530.511
508.685
524.434
531.247
524.434
531.869
504.165
507.531
530.249
506.036
533.263
523.215
528.887
496.503
518.139
528.933
527.758
530.381
527.758
530.81
525.099
505.423
530.939
511.296
527.631
531.437
508.996
499.278
505.86
502.145
530.857
526.642
504.058
522.309
531.478
497.081
526.72
529.713
523.272
531.247
502.477
527.206
528.733
504.499
530.987
529.873
515.212
531.527
504.962
503.541
513.36
517.656
530.632
530.611
516.68
526.408
530.987
503.585
530.718
524.513
523.206
531.29
526.17
519.672
507.886
496.661
530.921
519.519
531.463
530.588
530.013
530.569
531.833
519.291
530.754
530.936
529.582
525.392
529.39
528.894
531.674
513.863
527.163
531.03
530.54
517.517
506.563
530.636
531.486
509.26
518.185
531.66
530.93
531.971
522.774
529.244
530.102
520.755
531.379
528.797
528.78
530.778
528.34
521.906
524.67
532.221
531.646
520.239
511.183
528.666
532.511
509.023
518.649
