30.811
31.85
41.361
45.999
111.578
99.119
149.175
182.437
258.313
198.945
301.841
331.52
301.841
403.643
475.905
407.149
476.102
482.866
476.102
531.852
532.293
531.905
531.253
531.905
531.386
516.38
531.386
530.57
501.127
524.124
528.804
524.124
531.037
505.575
525.21
528.806
495.365
531.741
522.898
525.905
522.898
529.951
531.55
531.6
530.511
531.6
535.194
520.536
524.462
530.16
501.971
523.692
530.669
500.932
504.951
522.429
528.297
529.006
527.545
499.017
522.316
522.543
504.197
531.103
526.145
536.491
530.777
502.974
530.331
531.297
500.029
531.276
519.892
501.754
530.445
505.972
512.069
531.32
499.983
528.796
531.876
498.487
522.71
499.597
531.98
531.134
507.285
519.686
531.387
522.624
512.101
500.645
517.595
531.867
523.16
531.021
530.075
517.961
531.091
520.215
516.574
528.875
530.274
530.55
523.44
517.626
532.575
530.078
505.601
515.088
527.237
529.09
529.846
518.157
527.77
525.199
505.73
531.376
525.097
531.366
529.437
524.729
530.427
516.949
530.289
531.634
522.199
525.96
530.146
530.481
519.582
522.594
529.49
531.973
531.081
530.286
