30.664
30.406
41.734
34.076
93.295
73.516
164.434
115.654
237.076
178.635
270.056
253.121
271.346
252.239
268.902
267.165
269.448
266.945
260.14
268.667
269.668
259.703
256.545
265.313
270.373
262.75
245.362
256.157
269.819
259.136
255.726
253.682
269.644
255.704
268.08
266.063
267.332
262.47
268.135
267.895
256.368
254.586
268.629
258.574
252.296
256.115
270.702
259.14
246.624
258.761
270.061
259.954
268.698
259.098
268.86
259.069
269.303
265.501
260.968
263.869
269.804
261.231
254.064
262.799
269.817
266.135
257.236
267.858
270.23
267.842
269.08
268.612
269.925
268.923
267.899
268.642
259.999
268.978
267.599
268.73
252.381
269.378
268.241
269.378
252.956
270.336
269.117
270.336
269.975
269.487
267.547
269.487
269.3
264.853
256.8
264.853
270.476
254.659
246.983
254.659
270.426
269.518
262.824
253.758
269.951
268.791
268.162
268.791
264.706
266.696
268.59
267.937
255.368
267.772
272.695
272.713
284.38
281.29
284.432
277.034
292.794
291.282
293.255
289.18
312.19
310.562
321.073
320.703
313.829
304.264
329.916
329.116
321.425
308.334
