30.883
30.87
41.089
48.508
114.131
96.769
145.978
186.432
258.262
197.543
293.779
334.277
394.517
398.654
474.115
398.654
474.249
492.551
474.249
531.727
526.049
537.496
531.301
537.496
518.945
510.189
518.945
528.418
502.947
535.195
530.052
526.761
531.529
502.501
528.251
521.428
516.644
524.645
530.264
531.097
530.264
530.465
529.419
529.746
531.005
532.376
522.459
506.633
530.679
529.635
503.549
526.523
530.064
500.938
503.953
531.607
526.902
522.578
530.117
502.797
528.934
527.844
503.709
531.111
531.13
530.345
530.908
496.449
510.732
514.687
499.479
530.747
508.566
506.237
529.82
499.965
505.412
530.963
505.95
523.698
530.869
495.443
518.709
505.638
510.604
529.672
531.856
530.995
531.341
504.091
531.816
530.91
506.537
530.443
530.743
515.875
528.798
499.287
531.378
531.279
499.887
518.885
531.35
514.054
512.234
495.181
531.566
531.071
500.006
513.563
531.468
524.263
530.388
507.567
529.914
529.149
528.488
530.883
528.085
516.528
530.862
530.366
515.298
522.672
530.769
532.117
525.839
516.526
530.083
529.995
517.488
530.874
523.958
532.17
531.124
516.561
