30.879
30.957
42.1
47.439
112.095
100.278
153.218
185.293
256.942
212.144
311.313
330.46
311.313
399.645
473.244
421.217
475.12
421.217
484.922
531.748
529.109
531.642
531.348
531.33
531.337
531.332
531.285
526.986
507.555
521.554
526.512
521.554
531.142
531.335
506.737
519.136
529.702
531.012
513.938
500.075
527.153
530.25
520.437
530.754
531.016
529.279
531.483
530.849
505.041
528.489
531.526
529.426
521.329
502.239
529.009
530.652
500.235
513.43
530.852
530.517
523.218
507.274
517.786
530.903
521.577
530.009
529.138
506.775
530.215
530.157
514.245
524.073
531.672
532.016
514.03
499.816
529.46
530.972
508.902
514.953
528.157
532.143
510.311
494.527
528.572
529.343
510.771
531.56
529.347
520.399
531.192
510.44
514.176
522.762
529.198
531.113
521.288
516.847
530.698
517.923
514.149
531.687
528.666
522.883
531.009
511.593
523.181
518.617
530.4
531.558
506.751
516.409
531.671
531.263
513.922
504.342
529.672
530.363
515.814
532.751
529.82
530.82
531.961
518.886
525.042
523.743
530.606
532.398
525.219
523.808
529.121
533.986
518.26
531.7
531.029
525.04
