30.91
30.849
41.594
47.431
112.5
97.575
148.226
185.728
260.495
200.311
307.985
333.95
328.008
406.903
475.216
414.178
475.588
482.133
491.544
531.95
531.43
531.841
532.039
537.356
527.227
513.899
533.841
532.09
507.776
526.419
531.464
531.612
529.083
500.712
527.216
528.686
504.507
531.369
523.316
530.567
524.081
530.806
531.893
531.052
530.958
529.919
531.759
521.114
518.37
530.715
509.579
524.074
531.034
525.633
494.871
506.396
525.517
529.381
508.083
496.686
522.111
530.846
488.349
526.252
526.608
528.923
531.353
505.197
523.027
528.092
514.894
530.603
515.876
508.113
531.721
503.079
518.373
531.105
498.859
530.072
517.106
497.426
522.646
531.127
510.133
531.138
514.1
526.458
531.097
497.629
521.212
508.001
506.861
531.513
526.243
520.764
532.211
515.459
532.278
531.516
505.649
531.073
530.751
519.823
530.259
505.539
531.975
531.668
499.66
522.057
530.648
530.643
519.052
505.312
530.417
530.159
499.307
511.548
530.281
529.523
531.198
505.3
531.887
531.261
504.464
530.596
527.231
530.104
530.955
518.759
516.576
525.002
530.208
532.136
531.173
521.639
