30.88
30.35
42.534
35.771
97.068
71.62
167.103
127.584
239.118
220.74
269.083
226.237
261.579
268.824
268.736
268.824
269.818
270.037
264.48
269.781
270.652
270.626
258.511
251.346
270.402
255.213
253.087
254.954
270.867
263.805
249.449
267.629
271.274
269.275
250.67
268.179
268.615
270.085
268.317
268.694
267.984
269.842
268.385
269.014
258.537
269.708
267.326
269
252.633
269.991
268.626
269.991
258.425
269.515
269.929
269.515
261.13
267.846
268.35
267.846
269.863
265.325
256.983
265.325
269.786
261.843
254.129
261.843
270.634
267.224
256.183
267.224
270.014
269.414
269.621
269.414
269.128
269.435
269.803
269.435
257.765
269.236
270.854
269.236
253.682
269.411
270.948
269.411
259.953
268.608
270.176
268.608
269.269
264.799
263.673
264.799
269.601
255.419
254.573
255.419
270.052
268.728
250.58
268.728
271.063
269.543
259.749
259.723
269.758
269.536
268.953
269.536
263.979
266.554
269.291
268.203
259.474
278.061
276.467
276.626
272.683
273.729
280.193
275.358
291.582
290.345
283.356
277.363
309.135
308.301
325.795
325.057
315.335
308.623
331.076
330.1
