30.948
30.37
43.166
41.572
99.523
86.208
164.269
158.976
236.694
210.109
276.407
272.333
277.658
273.819
276.442
273.921
276.665
274.161
271.208
266.488
277.093
275.465
264.864
275.238
277.075
275.874
259.787
265.784
277.612
273.366
260.23
272.965
277.38
267.088
260.561
269.554
276.215
274.944
271.668
267.184
276.361
267.48
275.542
272.566
266.63
264.387
275.142
274.411
255.132
271.701
268.775
269.271
249.732
258.652
269.467
263.94
244.544
261.736
269.329
265.776
267.647
267.829
266.723
266.189
267.918
267.193
259.446
260.951
267.763
266.187
251.781
266.474
268.111
259.701
246.767
261.185
269.658
264.532
255.997
264.873
269.069
267.621
255.736
261.789
269.118
262.361
266.801
267.078
263.863
267.228
265.656
266.482
254.192
263.374
266.018
262.729
249.054
269.434
268.404
272.592
248.023
273.834
266.206
270.764
252.988
272.428
267.072
272.34
265.964
272.458
265.365
269.286
265.657
267.303
253.55
272.641
265.882
274.204
249.397
282.021
267.13
280.357
246.783
277.163
266.465
275.007
249.982
269.799
266.296
269.526
265.573
268.911
264.959
271.318
266.108
277.374
