30.865
30.809
41.19
46.538
111.366
99.031
139.099
179.607
257.227
194.321
288.024
331.542
401.983
391.491
473.353
397.907
473.061
497.166
473.061
531.295
517.751
530.492
531.111
534.903
529.783
508.451
517.461
531.665
502.531
528.446
530.989
513.625
527.832
503.535
529.396
523.57
531.38
505.595
529.385
530.797
531.852
531.003
525.252
529.661
530.985
508.23
524.252
512.007
518.888
530.29
511.992
503.569
530.135
520.729
499.969
510.544
530.901
521.047
530.688
497.916
525.491
529.888
510.552
531.319
531.144
530.008
530.767
507.393
522.232
531.469
494.7
530.477
522.96
508.537
529.984
519.246
519.502
530.805
527.282
528.941
530.818
503.281
520.563
529.689
530.876
530.766
503.601
518.938
531.107
498.729
521.595
513.493
531.336
531.688
522.041
516.401
530.996
503.909
531.687
530.846
530.469
527.669
531.238
525.21
527.89
504.069
531.83
530.847
505.283
523.059
530.425
530.68
514.839
498.584
531.422
531.296
505.829
515.933
529.263
531.331
525.631
498.591
532.077
528.404
532.055
531.333
522.68
530.249
531.041
524.612
512.515
523.162
530.377
532.522
518.612
507.813
