30.481
30.907
35.493
41.175
76.026
96.449
133.831
166.34
182.848
239.126
261.766
270.794
255.43
262.02
261.959
270.777
269.114
265.494
270.729
269.202
269.679
269.154
256.889
265.948
267.063
269.684
266.054
256.104
266.349
270.479
269.767
254.536
265.584
270.822
268.483
251.296
265.014
269.165
254.874
262.03
258.744
268.022
268.261
269.806
257.481
266.113
268.911
270.186
253.2
256.48
267.819
270.671
256.261
253.176
264.418
270.792
250.964
253.353
250.964
270.193
265.487
267.067
260.662
270.6
267.36
267.662
266.064
265.624
268.82
270.07
268.934
256.999
268.191
271.057
259.056
253.635
276.72
281.501
285.66
288.657
275.876
280.772
291.95
293.623
282.127
283.537
293.45
298.301
271.507
281.695
288.899
301.134
278.331
298.584
271.796
295.37
303.432
305.141
272.021
286.306
309.407
312.202
277.678
285.742
311.157
318.906
325.207
325.441
293.665
313.018
325.345
326.538
302.744
309.086
326.681
328.068
310.259
329.934
321.819
323.198
323.353
324.018
318.098
320.541
322.715
323.389
310.529
316.86
322.502
322.999
307.848
312.404
326.376
326.685
