30.432
30.892
34.838
34.219
75.433
102.662
132.669
173.925
183.713
246.574
259.721
270.436
246.14
252.141
267.397
270.855
266.426
249.552
264.386
270.968
248.218
260.661
252.711
270.444
268.798
261.914
269.685
270.267
268.593
270.465
269.648
266.499
267.934
270.93
263.752
258.887
268.069
269.624
268.395
253.544
267.043
269.495
268.613
247.015
266.501
269.938
266.501
262.115
256.543
270.375
256.543
269.87
260.704
267.912
260.704
270.313
262.645
259.587
262.645
269.859
269.145
257.274
269.145
271.243
269.19
247.077
269.19
270.692
259.958
264.601
266.394
275.986
277.765
278.249
270.267
272.87
288.482
292.019
277.089
278.764
287.086
293.988
270.092
280.224
280.024
297.12
297.72
298.666
267.636
285.274
297.253
299.29
264.301
278.871
298.287
304.366
267.601
274.478
294.308
305.211
268.524
271.604
283.752
303.507
281.162
310.517
275.753
294.231
310.753
312.835
280.526
287.822
310.242
314.568
285.303
298.166
310.606
317.201
312.809
321.812
305.961
314.295
322.588
323.677
305.153
312.765
329.31
330.117
308.382
316.766
326.753
328.736
333.252
333.709
328.454
331.369
