30.308
30.671
31.045
42.452
90.157
97.015
157.747
167.889
225.964
236.84
269.433
278.575
280.413
280.724
268.81
275.097
279.305
280.072
269.497
267.031
277.92
280.222
271.526
263.127
278.635
279.991
263.459
261.405
267.618
280.452
278.2
279.277
275.616
278.623
279.111
279.583
274.251
274.266
279.167
280.709
271.06
263.232
269.5
279.209
269.5
254.927
261.51
270.11
257.432
248.725
271.302
269.979
269.478
265.761
272.349
269.474
276.164
268.098
264.555
266.253
270.463
268.041
271.311
252.992
269.281
269.376
270.755
247.293
265.74
268.551
266.079
254.613
262.578
269.538
263.287
268.181
265.168
263.454
265.548
268.427
264.134
254.151
267.902
268.886
264.546
245.179
270.776
267.861
269.996
250.287
271.116
268.157
268.359
266.721
263.838
261.881
265.724
266.673
261.151
251.165
268.613
266.855
267.869
246.627
266.82
267.863
260.593
250.566
262.742
266.727
267.339
266.404
272.276
263.046
270.083
266.556
263.865
254.269
267.51
266.857
272.304
245.207
276.667
267.64
275.119
248.274
277.836
268.047
281.319
265.34
285.098
264.006
286.511
265.404
283.767
255.709
