30.94
30.455
35.207
34.547
97.297
72.319
168.839
128.786
240.608
213.152
270.352
259.616
262.798
263.579
270.306
268.526
262.274
268.327
270.562
252.883
270.802
266.732
265.768
264.566
270.015
269.142
260.987
268.96
269.827
268.013
255.028
265.594
269.842
267.289
252.313
258.569
269.748
266.006
248.868
268.233
269.803
264.817
258.974
267.888
269.078
261.402
268.942
263.695
267.164
259.466
269.824
259.466
257.129
253.959
270.469
253.959
252.841
261.591
271.123
261.591
260.749
267.505
271.036
267.505
269.744
268.999
270.514
268.999
272.603
270.937
267.437
271.234
283.632
282.52
272.375
270.099
292.38
287.562
292.208
292.277
295.459
284.088
297.942
296.795
288.262
273.843
300.827
299.621
281.762
270.142
301.547
298.486
276.042
267.222
303.478
296.125
277.744
270.653
302.4
291.63
267.396
267.167
299.299
284.622
287.369
269.575
293.033
268.547
300.336
280.702
288.028
270.574
303.552
300.659
278.904
265.175
302.836
296.615
272.77
266.595
303.124
293.555
267.966
265.578
302.455
288.205
288.928
271.795
296.226
280.297
284.696
264.56
289.458
267.255
