30.868
30.484
43.101
38.445
98.591
91.33
169.306
155.144
239.417
224.277
278.636
269.545
278.227
276.995
277.725
271.674
277.289
275.389
267.811
265.714
277.32
275.853
265.449
267.008
278.506
274.876
257.875
262.526
278.294
269.986
257.753
261.534
278.298
278.57
266.865
275.645
277.474
273.622
276.571
276.889
272.459
268.342
273.692
267.664
262.536
258.715
269.697
272.649
253.842
263.261
269.537
272.221
248.031
256.98
270.102
270.979
256.98
266.8
268.451
272.391
268.543
269.509
267.83
269.78
268.027
266.602
256.65
264.429
268.517
264.742
249.222
254.65
269.408
270.336
242.931
261.125
269.428
269.999
250.381
258.643
269.17
259.508
267.761
264.803
264.381
266.259
265.646
265.883
257.458
263.154
265.818
260.865
252.212
261.844
266.612
264.03
246.574
266.668
266.405
270.158
256.713
271.372
265.87
269.254
266.746
274.065
263.84
269.651
265.218
275.326
255.049
270.252
265.607
272.768
249.143
267.346
266.444
266.594
251.155
262.872
266.571
268.65
266.27
265.757
265.279
270.829
265.759
272.177
254.862
269.716
265.691
270.478
249.959
275.859
265.134
277.788
