30.796
31.875
42.073
45.391
112.295
100.98
141.208
178.638
256.997
190.195
293.976
329.693
384.527
397.986
475.693
397.986
476.128
491.225
476.128
531.671
527.311
531.95
530.714
531.95
520.59
510.052
520.59
531.422
501.956
533.069
530.409
518.688
530.86
499.165
530.302
522.717
504.085
518.588
529.025
529.572
525.458
529.248
529.957
531.298
530.731
520.988
528.449
512.534
524.665
530.986
505.854
520.642
530.445
503.235
499.639
513.35
531.636
525.486
530.803
498.734
525.594
529.746
505.306
531.784
529.725
529.623
531.345
496.317
516.769
522.869
494.737
530.044
508.57
506.045
530.034
501.81
511.601
531.459
499.627
530.816
531.379
495.201
521.459
504.969
521.71
529.778
507.481
516.424
530.501
521.808
522.595
510.37
516.671
530.175
531.06
531.167
529.788
520.53
531.98
531.052
516.248
528.594
530.812
528.682
521.956
515.054
530.593
525.624
510.814
522.179
530.052
531.205
531.385
515.218
528.664
530.739
525.332
530.844
527.99
531.436
531.353
531.863
525.643
527.962
528.791
531.606
520.678
516.566
530.789
532.285
516.94
531.344
527.083
527.129
531.749
531.226
