31.278
31.675
42.073
49.025
114.605
104.93
187.033
181.449
263.547
240.412
296.927
336.262
400.11
407.384
481.999
439.603
498.778
503.891
498.778
531.366
532.496
528.38
531.485
531.752
531.335
522.667
531.09
529.852
531.911
532.281
531.905
526.443
491.686
500.427
531.723
531.229
510.883
501.598
521.736
529.539
520.568
531.241
531.786
529.326
530.014
501.435
528.171
527.635
531.16
531.722
531.936
530.814
530.625
499.255
510.552
520.473
531.337
527.378
531.138
514.182
527.701
528.207
521.17
531.482
530.912
521.861
530.22
518.462
523.307
514.161
527.242
531.01
529.682
524.536
530.794
527.975
531.294
530.949
522.061
530.664
529.873
526.963
528.363
529.277
531.771
531.225
530.804
527.214
527.335
531.502
517.95
506.44
530.47
532.118
530.99
531.721
529.359
530.966
531.551
515.89
514.708
531.316
529.907
531.26
523.817
530.468
532.17
531.71
514.189
527.345
530.29
530.605
518.995
508.204
530.401
530.584
512.75
523.395
528.855
531.155
528.542
531.875
532.046
526.876
523.967
530.297
529.83
530.859
531.486
531.707
528.923
524.363
531.779
532.06
