31.008
30.647
42.543
36.442
86.927
103.754
161.062
182.105
236.946
209.571
287.947
316.548
382.857
401.975
469.608
454.731
520.159
454.731
530.834
532.089
511.36
514.743
531.987
535.966
520.568
507.858
524.652
528.942
523.206
532.061
530.432
531.548
531.297
530.031
518.634
529.464
531.773
530.294
526.592
499.722
532.035
530.798
497.919
517.16
531.259
528.969
510.58
495.961
520.472
530.618
500.289
518.749
531.35
508.759
531.651
531.686
503.568
529.765
528.432
531.381
527.631
503.499
531.413
531.522
498.195
518.835
531.352
530.503
514.873
503.524
531.908
528.278
492.999
506.167
530.53
531.023
527.161
498.758
530.518
523.753
514.866
531.298
524.799
524.593
530.887
532.401
510.24
519.448
527.549
531.173
523.26
512.27
530.742
528.379
508.873
531.055
530.003
528.851
531.2
512.686
519.652
523.769
532.435
531.346
510.337
521.762
531.635
532.38
531.386
512.908
529.908
531.035
522.841
531.674
527.28
531.068
532.363
528.479
529.493
526.167
529.856
529.968
523.257
516.589
531.168
529.57
513.825
522.361
528.095
528.412
531.574
532.113
532.002
530.817
