30.798
30.832
48.402
42.564
100.772
115.878
189.12
153.668
207.641
262.664
335.296
311.458
407.685
311.458
418.353
476.786
468.448
476.588
525.606
476.588
529.907
529.73
529.907
531.289
524.806
531.451
531.393
531.451
527.5
517.961
527.5
530.898
506.218
534.901
530.775
517.403
529.733
506.157
530.323
527.937
507.698
502.139
526.53
531.673
502.81
531.022
529.295
530.585
531.838
496.797
529.355
525.401
504.715
531.402
511.011
506.97
529.827
526.358
499.798
512.479
530.468
530.057
510.029
494.11
522.042
530.539
499.036
506.85
529.611
531.01
530.843
500.067
525.441
529.241
506.762
530.902
517.324
505.928
530.917
514.698
519.77
522.653
528.362
532.049
519.209
505.507
528.138
529.784
514.568
530.52
531.077
530.608
531.352
505.528
523.764
526.827
530.962
530.986
531.18
531.925
530.767
525.228
525.596
527.153
531.22
530.21
517.869
506.372
529.899
528.614
509.046
513.217
531.822
529.192
531.358
509.012
525.443
531.712
504.818
531.279
517.616
531.729
531.112
530.248
526.074
528.048
503.518
530.195
525.175
524.45
532.257
530.255
519.09
528.642
