30.452
30.806
44.67
41.439
97.742
112.74
185.042
150.184
203.693
259.301
331.39
304.655
404.616
304.655
410.693
476.294
471.856
476.617
530.298
476.617
530.071
531.761
530.071
531.217
512.73
536.826
530.944
536.826
525.911
504.968
525.911
529.853
508.012
537.032
524.18
526.825
530.539
492.437
523.667
523.775
530.492
530.187
530.369
529.309
530.32
530.866
531.424
529.884
530.493
502.96
523.754
504.144
511.403
530.631
525.855
497.84
527.977
505.755
520.959
531.012
525.248
524.677
530.057
497.822
527.467
519.959
519.579
529.9
531.046
530.774
530.77
512.356
514.78
522.67
494.785
531.121
531.144
532.509
527.041
516.47
507.323
530.887
523.241
521.113
531.163
531.501
518.565
506.589
507.13
531.17
521.129
524.463
529.653
518.917
532.274
531.903
507.06
530.195
531.058
532.417
528.081
526.281
509.455
531.31
524.15
528.903
531.685
531.458
519.893
507.523
530.276
530.454
507.61
521.644
530.197
529.655
516.129
508.048
530.714
531.895
517.557
524.592
526.812
530.94
531.418
523.2
530.452
530.085
531.333
532.575
523.173
528.665
531.535
531.359
