31.379
31.249
37.499
44.085
103.628
109.627
183.338
170.424
256.636
246.856
274.527
329.214
402.158
349.121
427.183
474.11
531.864
527.455
530.584
530.964
514.766
507.148
530.166
531.437
530.094
511.62
530.511
531.622
530.69
528.718
531.042
528.586
499.986
530.331
528.933
500.477
513.03
531.706
522.49
522.121
531.886
530.681
518.457
497.288
530.452
531.273
526.353
530.021
531.962
530.729
531.154
527.225
527.498
531.363
523.486
527.631
529.143
531.031
531.293
531.903
523.409
522.765
528.737
530.352
525.362
513.38
532.137
531.019
529.702
529.402
528.462
530.513
530.82
531.687
531.132
529.425
533.158
531.91
531.054
530.521
531.427
531.902
524.84
526.642
531.564
531.917
524.75
522.36
528.744
530.604
529.354
523.568
529.07
531.638
531.794
527.964
528.281
527.846
531.648
531.92
531.883
526.313
530.417
531.887
525.054
529.138
532.519
531.622
528.824
523.727
529.044
531.615
521.511
522.231
529.414
528.848
532.255
527.205
529.572
528.889
533.781
531.302
528.109
531.974
531.673
529.081
529.201
520.885
532.444
531.71
524.169
520.927
529.624
528.566
