30.943
30.733
42.552
42.951
100.624
69.236
168.713
126.615
238.845
235.549
274.623
250.497
274.284
274.643
274.066
282.407
273.56
273.32
271.819
281.338
272.955
257.118
264.965
260.448
272.616
271.068
259.22
271.44
274.005
274.401
258.261
255.115
273.368
257.499
256.63
271.251
272.833
271.251
272.938
274.318
273.046
274.318
272.259
252.313
266.887
252.313
272.272
270.407
260.463
270.407
272.279
273.596
257.973
256.237
273.136
258.441
254.576
269.626
273.283
269.626
268.038
273.029
272.598
273.029
271.417
256.502
269.709
256.502
271.76
269.662
259.184
269.662
272.166
271.793
254.473
250.859
272.387
253.668
251.624
269.42
272.001
269.42
261.687
272.794
271.594
272.794
266.302
253.904
270.631
253.904
271.001
269.283
261.677
269.283
270.336
272.009
256.343
263.602
270.339
264.66
256.418
270.513
270.919
270.513
270.144
271.56
269.753
271.56
270.058
257.517
268.816
257.517
270.425
268.46
258.523
268.46
270.287
271.476
252.41
253.19
270.146
255.47
250.63
268.339
270.339
268.339
256.697
270.378
270.298
270.378
269.071
259.113
267.495
259.113
