31.036
30.367
38.596
35.137
97.161
71.491
169.145
141.598
240.912
224.964
269.025
249.454
253.342
268.984
269.176
269.522
269.191
270.112
269.542
264.69
269.386
268.885
263.95
248.404
270.337
250.59
255.374
265.958
269.832
265.71
250.082
269.086
271.253
268.905
250.798
269.568
270.876
270.149
270.069
269.577
268.693
269.475
270.889
269.913
265.78
270.172
269.472
269.634
258.296
270.046
269.874
269.639
251.098
269.819
269.031
269.448
255.666
268.181
269.531
268.687
248.553
266.003
268.84
266.827
269.163
262.879
264.218
262.879
270.315
255.942
256.888
254.312
270.022
268.811
250.574
258.606
270.689
269.095
246.718
251.181
270.459
268.857
260.446
246.924
270.851
265.951
269.53
269.017
265.514
263.867
267.989
267.632
256.078
254.392
269.97
267.316
250.131
269.275
269.073
267.451
243.815
268.709
268.901
264.583
268.983
266.235
271.303
265.581
275.246
278.597
268.158
264.733
280.047
273.229
274.444
263.917
301.366
276.296
302.22
301.375
295.701
290.251
321.229
318.533
314.591
294.865
321.167
312.614
334.318
333.796
317.233
306.628
333.85
332.899
