30.563
30.904
41.716
43.041
108.468
98.719
149.438
183.008
256.361
203.481
304.939
330.97
304.939
402.288
474.643
411.773
476.085
469.059
481.593
532.23
531.749
532.005
531.647
532.005
530.89
519.923
536.518
530.604
505.92
522.952
530.055
522.952
531.283
504.921
500.571
528.218
520.787
530.422
522.484
524.706
527.822
531.182
520.992
531.359
531.763
535.954
531.192
524.884
492.716
530.383
507.696
533.518
530.034
500.131
505.216
518.345
507.732
528.142
530.434
498.148
522.717
526.362
501.374
531.165
509.715
520.623
530.358
499.542
532.986
530.318
501.502
530.129
530.97
528.681
529.952
494.434
518.193
531.322
505.451
529.033
531.403
522.195
522.378
527.929
519.033
531.956
494.57
518.738
531.702
529.399
512.407
505.517
515.445
529.693
510.689
531.406
531.237
514.352
531.794
521.704
505.652
531.044
531.024
531.881
525.955
519.522
530.599
530.688
505.429
517.617
528.817
530.427
530.469
524.933
531.139
529.053
499.799
515.888
528.942
531.428
530.881
531.985
531.165
528.537
516.708
530.776
529.749
532.142
529.186
532.236
513.424
517.309
528.792
531.796
