30.827
30.495
42.301
35.383
97.218
71.522
165.374
144.718
238.948
178.816
268.882
257.761
250.469
254.599
269.805
267.24
269.957
268.802
269.895
258.018
269.141
268.049
263.12
257.224
270.019
267.871
257.864
268.386
270.594
265.94
249.867
266.551
270.958
261.24
247.098
268.158
270.961
257.089
253.808
266.623
269.987
260.708
269.824
265.694
264.41
249.951
267.191
260.024
254.159
268.502
270.959
270.436
266.847
270.906
280.364
271.981
279.798
278.976
282.366
271.625
289.717
287.925
273.918
273.955
291.945
289.15
268.323
268.546
296.616
288.601
276.92
270.945
296.858
283.001
296.89
267.637
286.883
267.423
301.438
299.135
278.416
265.408
301.687
297.034
270.781
267.212
305.499
292.684
280.179
268.562
300.7
285.725
308.108
305.916
289.389
266.612
312.694
310.156
285.507
279.509
314.113
309.592
285.293
281.43
312.401
303.398
320.403
315.535
307.143
294.127
323.599
322.377
306.956
303.79
323.876
321.862
326.758
304.033
326.952
321.606
333.742
333.317
323.858
318.757
334.671
334.047
328.101
324.138
337.806
337.687
345.688
345.26
346.71
343.527
