31.846
30.82
40.235
30.54
92.927
65.428
161.113
113.334
231.095
217.154
274.323
217.154
274.546
273.236
274.092
273.236
263.822
248.245
267.476
248.245
273.07
274.795
261.512
274.795
273.571
274.362
259.92
260.207
274.124
260.207
257.74
273.799
273.57
273.799
263.427
273.744
273.856
273.744
264.045
257.489
272.802
257.489
271.822
276.497
262.433
276.497
273.558
281.409
256.455
247.415
273.275
257.88
257.28
273.305
272.74
276.649
259.802
273.812
273.584
276.413
263.061
257.158
269.938
261.677
271.74
275.917
260.77
279.423
271.243
275.961
258.467
260.267
272.3
264.305
251.517
273.109
272.764
279.468
257.118
273.474
271.999
281.257
262.167
251.491
271.608
263.84
271.437
275.347
259.667
271.469
269.939
274.946
256.41
262.146
271.235
269.412
258.925
276.008
271.11
278.599
271.194
272.747
269.716
276.61
270.679
259.05
267.604
259.691
270.608
270.529
258.202
270.529
270.166
280.165
254.564
258.233
270.64
264.674
249.615
268.584
271.032
269.209
255.126
274.774
270.797
273.996
270.034
269.037
268.104
267.357
269.665
275.089
258.287
275.089
