30.973
30.337
43.51
35.698
97.343
71.662
166.053
138.059
240.116
220.403
268.444
243.769
260.495
268.828
269.288
269.126
262.097
270.493
269.456
265.788
270.701
270.214
265.019
246.418
270.096
255.715
256.412
266.906
271.211
263.979
262.689
264.805
280.187
274.219
283.268
283.374
284.484
275.299
287.305
286.076
278.16
272.793
288.033
285.753
271.698
267.908
289.623
285.689
268.95
270.128
291.43
285.201
274.854
270.629
270.517
264.69
290.745
277.884
287.363
269.106
286.586
268.543
289.007
287.938
277.291
265.103
294.976
292.145
274.188
270.83
298.016
292.73
277.733
271.447
298.918
287.651
279.713
269.423
298.267
278.206
302.361
301.178
286.588
266.172
304.472
303.464
283.679
269.837
319.195
310.946
292.864
282.854
314.119
300.329
322.401
322.034
311.312
293.255
323.537
322.569
310.687
305.694
322.169
320.987
309.859
301.237
318.176
316.307
320.574
320.371
319.002
315.5
324.437
324.536
314.916
308.593
321.451
320.98
308.718
302.338
319.79
318.689
301.214
294.707
320.737
319.151
312.558
297.881
320.163
317.377
324.097
323.683
318.751
314.335
