30.368
30.89
40.514
32.202
75.872
101.993
117.968
172.043
216.9
242.758
237.327
270.809
263.101
249.479
263.101
271.043
261.189
255.558
261.189
269.266
270.124
268.963
263.57
269.168
264.299
270.005
249.273
266.03
261.243
270.273
266.184
258.479
268.158
270.006
265.126
252.546
265.126
270.704
267.143
254.962
267.143
269.801
265.054
256.45
265.499
268.655
262.845
268.37
262.845
267.391
260.084
267.082
254.614
261.514
257.778
266.001
254.458
254.78
260
266.999
258.021
249.217
260.957
267.366
258.596
247.724
256.698
267.326
261.918
262.221
263.059
266.745
263.47
267.101
262.893
263.728
264.131
266.473
261.687
253.326
263.465
267.292
261.914
245.939
264.844
266.581
259.268
243.349
261.793
266.737
265.969
252.163
274.214
265.896
274.086
266.145
280.418
259.297
280.891
265.248
285.823
252.264
283.584
265.452
285.341
247.421
286.755
266.689
288.619
244.88
288.244
265.396
285.896
254.221
279.555
264.965
277.309
266.036
281.286
261.873
283.984
265.42
283.879
252.081
282.645
265.267
283.646
246.034
286.646
265.426
289.06
254.19
288.13
265.177
287.969
265.383
