31.835
30.843
47.095
42.087
100.352
113.527
185.909
153.54
205.885
258.494
331.59
308.602
403.029
308.602
414.084
475.035
434.734
474.937
532.208
480.426
532.301
528.035
531.296
529.612
528.422
530.292
531.172
535.99
530.948
504.755
530.948
530.973
506.262
529.806
530.506
501.105
534.962
494.563
529.971
523.978
530.938
528.259
528.182
525.957
529.839
531.238
531.448
529.873
531.359
501.762
527.244
509.429
504.316
529.25
503.209
502.584
529.637
496.183
489.702
508.258
527.349
521.031
530.249
497.019
524.1
516.693
510.973
531.055
530.773
531.081
530.546
509.565
510.683
528.171
494.236
529.905
523.311
499.321
529.092
498.194
514.572
532.459
525.952
521.399
530.725
498.932
516.21
499.206
510.381
530.993
509.966
518.747
531.333
517.953
531.908
525.148
508.929
530.239
531.443
532.061
528.052
507.336
532.241
532.134
498.084
516.722
528.844
530.66
518.676
506.877
531.069
530.374
497.752
512.392
527.204
531.524
530.592
523.052
531.4
527.943
514.016
531.807
524.666
514.598
531.879
530.657
516.307
523.667
529.01
531.542
530.216
511.089
525.486
530.997
