31.238
31.722
41.078
45.647
111.55
110.109
145.8
186.433
255.754
227.019
255.965
310.501
394.202
347.227
474.952
452.326
501.763
520.814
501.763
532.035
520.091
528.868
531.708
532.279
529.639
514.944
531.665
528.749
531.985
531.546
529.643
530.121
503.624
511.623
530.157
535.999
531.12
510.57
529.892
530.491
517.113
531.595
527.56
511.5
531.427
531.202
505.63
519.548
530.315
531.181
516.666
512.242
530.523
529.231
499.94
512.371
531.194
531.807
531.834
506.605
531.581
528.119
490.187
519.739
528.11
530.278
531.517
502.912
506.134
520.734
528.842
531.042
514.155
502.176
531.287
523.301
503.958
511.927
519.459
530.454
530.832
500.44
525.758
529.062
503.856
530.165
520.916
530.641
530.925
501.176
521.227
512.259
530.925
531.245
522.328
527.004
531.738
525.818
531.304
524.401
531.85
529.706
530.471
532.112
529.828
523.984
532.766
527.483
525.496
524.788
529.78
529.309
523.998
522.661
527.116
532.096
523.2
531.528
529.644
532.167
529.694
524.684
531.49
531.168
531.916
531.024
529.587
531.255
531.588
531.242
530.096
526.235
531.552
530.049
