31.177
31.675
43.218
40.919
110.536
99.757
168.576
185.496
254.221
202.792
328.215
297.362
340.892
402.337
469.269
409.49
469.58
517.566
530.933
532.2
532.46
532.429
532.465
531.58
525.069
531.306
532.431
532.007
496.913
522.447
529.178
529.218
530.159
508.9
500.812
526.654
531.719
503.513
511.262
523.053
531.733
528.668
517.023
528.688
530.545
506.211
524.925
531.446
532.032
532.052
527.772
514.495
522.831
530.512
528.672
532.358
520.124
524.558
531.337
515.561
523.481
515.106
531.445
532.287
523.184
526.466
530.174
530.505
531.454
531.542
531.982
529.744
530.956
531.981
523.862
528.971
531.065
532.076
513.262
521.724
530.652
529.991
522.457
519.455
531.513
527.988
531.235
530.936
527.817
531.059
531.081
527.595
527.759
524.768
531.891
531.253
523.319
513.67
530.546
531.952
507.274
517.897
531.601
530.729
530.533
530.808
529.312
531.657
518.778
531.486
530.415
525.119
530.773
530.726
527.598
521.771
528.689
530.464
523.939
522.579
531.423
532.008
532.373
531.691
529.129
530.876
530.748
528.813
523.847
531.164
532.051
531.436
529.148
525.386
531.636
532.451
