31.133
31.686
45.871
43.239
107.759
89.3
174.381
180.623
244.272
258.831
332.777
315.522
408.347
378.529
453.75
445.002
453.75
527.585
531.709
531.193
514.65
532.183
522.595
532.104
496.217
510.713
531.398
531.405
508.526
501.754
537.279
528.743
531.577
530.899
531.015
530.888
531.224
526.134
504.023
525.261
530.982
530.82
518.54
496.98
528.926
531.807
495.886
510.709
530.545
530.713
508.985
501.781
528.653
529.654
524.872
530.949
530.138
523.258
530.096
511.885
517.518
527.021
531.716
531.526
518.139
518.827
531.153
527.582
517.623
530.747
529.144
529.733
521.935
505.564
527.628
531.156
517.69
530.855
526.626
527.424
530.869
505.928
524.387
510.552
530.202
531.196
520.353
524.428
531.298
528.469
531.576
522.71
531.796
530.059
531.799
531.955
529.308
529.194
532.149
530.716
520.094
529.675
530.924
531.296
524.293
517.656
530.725
530.911
532.121
519.988
531.646
529.71
531.321
528.712
532.072
530.169
531.541
531.427
529.702
530.77
530.057
529.671
527.598
527.028
531.705
532.207
522.268
514.781
532.033
531.602
529.786
530.868
528.456
528.47
