31.853
30.83
47.515
40.637
97.937
114.92
188.794
148.761
201.479
259.801
333.882
300.879
405.885
300.879
407.003
475.562
483.651
475.228
529.514
475.228
529.739
530.01
529.739
529.758
519.603
528.951
531.295
528.951
525.858
511.064
525.858
530.918
506.824
530.917
529.561
530.344
530.047
500.743
530.81
524.118
530.845
505.65
531.054
530.421
510.995
531.501
526.854
535.5
531.96
515.358
529.369
520.264
531.811
531.215
513.217
502.41
530.497
529.777
503.452
510.942
532.067
523.832
504.835
496.868
527.409
531.063
503.305
531.333
530.143
527.43
531.452
502.921
511.866
528.339
528.799
531.73
521.373
507.665
532.217
530.474
510.285
518.403
528.89
529.905
508.96
496.413
528.687
530.622
501.024
510.74
531.173
531.152
531.131
501.783
532.181
524.474
511.355
531.115
529.637
528.477
530.965
512.466
521.999
528.374
528.349
532.458
523.703
522.061
531.857
524.023
506.493
519.087
530.319
527.994
531.265
522.468
528.323
527.546
523.436
531.07
522.325
530.101
531.393
530.97
522.969
513.988
529.345
531.075
522.834
530.423
530.773
530.028
518.272
513.85
