30.962
30.501
35.249
34.329
98.233
74.406
169.342
122.959
240.769
224.939
269.43
227.685
258.662
269.155
268.978
269.047
259.266
269.869
268.613
269.023
270.889
270.309
269.151
262.62
269.336
260.867
261.017
247.211
269.706
255.864
253.571
266.096
270.819
263.29
252.346
268.435
270.499
269.562
261.075
270.275
270.592
269.747
269.654
269.472
270.244
269.55
269.289
269.111
262.554
270.35
268.857
269.279
253.705
270.236
267.716
269.055
252.999
269.338
268.655
268.976
259.278
266.509
267.43
266.509
257.324
263.874
267.84
263.874
268.96
252.905
256.673
252.905
270.137
268.593
252.136
258.407
270.453
268.825
253.853
251.89
270.698
267.822
267.752
266.337
269.126
263.449
268.217
267.696
267.908
256.399
267.57
266.113
255.929
268.275
268.392
268.261
254.824
269.112
269.595
268.201
250.71
268.201
274.179
267.95
276.314
273.385
274.431
267.681
291.385
293.755
289.407
288.99
305.048
296.469
309.841
309.913
300.856
289.95
323.847
322.307
302.129
291.804
320.155
317.106
306.963
295.653
316.304
313.96
320.21
318.542
313.505
309.843
319.621
319.481
310.083
302.845
