30.276
30.809
40.894
37.394
97.091
103.017
144.587
168.138
224.621
240.605
263.623
277.122
272.041
266.495
270.268
276.733
274.192
276.939
270.971
274.902
273.647
277.229
265.618
265.854
267.631
277.753
254.674
258.472
270.734
277.642
259.166
258.865
267.279
276.97
276.487
264.679
271.48
277.986
272.453
263.909
268.305
274.617
270.357
273.538
262.451
270.819
274.718
274.01
257.484
262.204
273.54
271.089
262.981
255.247
269.581
268.855
259.25
249.233
264.338
269.935
268.231
251.663
272.197
268.968
268.057
261.469
272.428
268.24
263.886
268.628
261.333
267.721
264.835
268.532
262.544
258.19
266.797
267.266
262.433
249.196
271.557
268.528
265.918
254.784
270.801
267.948
267.302
258.502
271.292
266.314
267.214
267.372
266.489
259.312
264.811
265.935
265.026
252.478
270.503
266.473
270.214
250.54
270.1
267.388
269.201
254.418
268.91
267.073
269.519
262.211
267.971
263.714
272.564
266.36
270.87
256.698
275.854
266.682
271.366
252.234
271.974
265.872
270.937
250.934
276.577
266.834
275.259
250.584
279.616
266.459
276.086
265.586
276.835
263.915
274.134
265.522
