30.87
30.323
42.636
39.125
95.266
64.368
166.417
115.029
237.536
224.387
270.645
229.537
256.388
269.539
269.975
269.539
268.942
267.392
268.085
267.392
270.415
252.194
258.455
252.194
269.836
270.002
251.82
244.619
270.544
268.292
253.39
244.789
275.184
268.863
274.358
274.775
275.467
270.698
267.078
272.397
263.572
268.08
266.677
269.72
256.216
270.369
268.421
267.118
252.168
272.897
268.651
264.03
254.14
265.265
269.076
258.635
268.425
258.635
264.851
264.473
267.367
266.429
254.115
263.716
268.078
264.477
250.696
262.172
269.376
264.706
250.094
261.1
269.361
261.275
259.36
265.335
267.44
260.563
268.134
261.714
256.151
260.45
265.976
262.674
250.419
259.124
266.991
260.875
250.455
257.832
268.041
257.832
266.026
260.355
265.706
259.954
266.259
263.742
254.713
261.577
266.373
263.172
248.825
264.365
266.518
264.829
245.808
267.85
266.712
267.962
266.427
270.447
263.3
271.838
266.799
268.683
254.928
270.513
267.235
266.595
247.23
272.038
266.355
273.583
253.486
272.63
266.321
275.911
256.944
274.558
265.066
277.021
265.126
278.085
255.254
277.793
