30.895
30.469
35.065
34.008
97.016
71.813
167.358
129.575
237.929
160.747
270.302
264.85
252.265
268.257
271.125
267.42
258.006
268.912
269.825
260.803
270.293
266.179
262.008
263.062
269.959
268.251
255.421
254.608
270.812
267.167
249.673
259.274
270.56
268.15
255.392
259.786
270.426
267.314
267.789
267.969
269.543
266.967
268.172
267.822
261.542
267.222
268.08
267.423
255.251
267.858
269.292
267.858
248.545
268.58
269.233
268.58
265.714
268.199
269.657
268.199
270.004
266.707
268.683
266.707
269.798
266.268
257.661
266.268
270.762
260.287
250.995
260.287
270.238
261.627
254.813
261.627
271.18
257.197
262.037
257.197
268.877
260.351
269.552
260.351
261.24
266.573
270.219
266.573
252.166
269.126
270.472
269.126
252.539
269.075
270.481
269.075
274.515
273.805
269.318
275.101
280.482
279.872
272.216
268.72
290.877
288.625
300.479
299.489
295.755
290.049
308.661
307.428
286.021
279.693
311.131
306.852
291.296
279.676
308.334
300.374
312.515
311.934
297.869
275.814
318.958
318.176
308.934
298.251
329.546
325.996
337.555
336.947
325.686
319.925
337.235
336.641
