30.803
31.655
44.168
44.036
103.352
80.572
185.285
177.184
238.655
260.861
334.086
298.711
409.504
363.231
431.386
453.289
431.386
527.014
530.116
532.088
521.989
532.036
531.837
532.108
520.069
534.087
531.831
531.715
512.82
500.853
522.231
531.841
531.833
522.538
531.076
531.596
530.747
514.275
508.763
531.131
532.149
528.927
530.287
501.157
504.019
530.975
528.102
523.247
532.317
500.174
519.788
500.884
503.979
530.731
514.177
518.631
531.504
497.188
525.986
522.143
520.76
531.858
531.37
530.702
529.957
514.553
532.283
531.723
524.634
529.9
531.498
531.486
526.575
507.011
532.344
531.373
518.636
526.988
531.529
530.744
518.097
506.956
530.331
531.316
522.071
528.172
530.577
532.264
530.841
511.399
516.338
530.721
531.599
531.67
525.921
531.381
530.289
530.412
520.797
528.484
530.519
530.507
517.389
508.466
530.452
531.205
521.874
529.907
531.119
529.622
531.347
507.505
532.114
529.9
530.664
531.765
525.753
530.921
530.995
528.806
519.382
530.448
531.291
530.346
523.927
514.464
530.568
530.945
516.203
522.061
529.169
531.18
519.403
510.126
