30.471
30.404
42.312
33.559
94.764
75.637
165.11
112.697
238.049
201.369
270.203
235.628
255.68
260.35
271.252
260.35
270.853
269.403
268.471
269.403
269.523
269.849
264.687
269.267
271.104
269.492
253.826
246.812
269.676
260.095
252.908
251.066
270.519
256.434
251.504
265.702
269.853
264.765
265.504
268.128
269.396
268.58
269.405
269.13
268.912
269.769
268.946
268.617
259.533
269.488
267.825
268.893
254.93
270.042
268.625
269.824
255.892
268.871
268.225
268.871
263.322
267.963
268.71
267.963
270.466
264.326
269.183
264.326
269.922
259.653
262.324
259.653
269.793
266.679
254.989
266.679
271.29
269.24
249.546
269.24
271.107
269.095
251.369
265.325
270.544
268.31
268.843
254.74
269.552
268.268
268.872
268.268
268.512
267.196
268.671
267.554
256.977
262.151
268.826
265.924
248.915
254.297
269.638
264.498
246.146
268.301
267.254
268.028
265.2
269.665
268.746
258.395
269.144
266.778
259.141
250.048
275.831
272.712
272.239
266.395
289.195
287.844
288.519
288.084
285.635
277.669
314.289
312.591
315.854
313.692
317.781
305.01
323.2
322.861
