31.677
31.296
33.452
44.75
96.32
108.104
184.094
151.214
207.894
258.483
330.869
303.67
404.035
309.362
424.111
476.541
424.111
503.996
532.295
510.999
520.011
507.889
522.405
529.943
531.151
530.374
530.101
530.916
531.019
531.174
531.019
528.006
531.994
525.84
521.075
503.139
530.264
531.915
501.427
519.091
529.964
523.524
515.732
505.475
523.537
529.085
530.72
530.097
529.442
505.407
530.973
532.184
503.273
525.929
530.97
525.397
520.547
505.517
530.794
531.056
499.215
513.082
531.031
526.529
508.189
496.224
501.871
530.349
515.053
530.909
525.991
513.255
531.301
528.468
496.5
520.013
532.456
530.862
516.102
511.096
529.584
525.989
502.178
522.413
531.461
531.795
531.258
499.679
530.62
525.305
511.198
531.6
528.266
521.748
531.108
528.72
507.952
520.424
526.755
531.843
531.717
516.296
529.842
523.207
529.626
531.984
530.241
529.216
531.349
531.455
521.73
517.293
528.939
530.855
518.993
527.672
529.15
532.14
525.781
516.07
527.913
531.617
528.951
531.3
524.728
528.734
532.232
530.926
518.944
525.854
531.775
531.397
515.22
505.297
528.193
528.254
