30.84
30.416
34.611
34.351
99.038
74.781
168.472
132.162
241.705
176.85
268.789
240.686
248.663
245.871
269.201
253.459
258.546
267.939
268.821
268.755
269.551
269.684
266.007
258.664
269.853
268.968
259.848
256.454
269.99
265.125
255.904
253.631
270.568
263.898
254.354
252.359
270.517
261.764
251.179
247.133
269.993
257.809
267.83
250.614
270.369
265.852
267.724
265.852
264.253
265.879
268.343
265.879
256.588
268.157
268.264
268.157
251.15
267.417
270.878
267.417
249.189
267.984
270.498
267.984
254.869
267.807
270.866
267.807
269.663
266.984
256.945
266.984
269.711
270.075
253.822
270.075
270.111
266.801
256.876
266.801
270.106
258.792
262.684
258.792
270.474
269
270.454
269
268.755
269.673
269.04
269.673
257.709
268.554
268.468
268.554
249.56
266.725
271.039
266.725
254.164
259.908
267.756
262.552
262.423
258.606
268.024
264.694
269.294
269.827
264.016
259.55
270.067
268.271
257.699
255.958
269.426
267.114
253.619
251.609
270.193
259.22
252.088
260.349
269.636
260.349
249.291
268.585
270.521
268.585
270.444
266.188
269.686
266.188
