30.9
30.503
35.675
30.671
90.073
65.367
156.809
113.312
227.154
216.927
273.737
216.927
274.398
273.127
268.76
273.127
273.904
254.409
258.911
254.409
273.349
274.736
256.716
274.736
274.445
275.151
258.954
248.948
274.3
248.948
262.293
273.379
273.414
273.379
272.88
273.757
272.301
273.757
272.868
257.124
265.655
257.124
271.763
279.528
255.231
279.528
273.257
282.195
260.858
256.182
273.526
266.809
260.192
276.082
273.528
275.797
272.601
273.525
271.697
273.544
271.982
253.14
261
252.052
272.087
270.102
254.274
270.102
272.608
277.713
260.1
259.856
272.551
266.877
260.844
268.848
272.553
269.72
271.42
275.37
268.523
271.549
271.751
262.378
253.515
260.776
271.738
275.95
251.279
280.619
270.865
274.081
264.783
261.354
270.112
271.34
270.993
272.471
271.17
278.26
270.118
275.537
259.755
283.072
271.042
268.857
255.135
271.49
271.232
273.035
246.87
278.128
270.447
273.833
270.421
260.295
270.196
266.241
270.289
270.907
265.094
267.106
270.202
274.023
255.796
272.831
270.459
267.416
251.632
266.29
270.399
269.26
250.402
270.362
