30.489
30.849
35.607
33.334
73.859
97.645
117.802
169.685
207.229
239.068
232.605
268.808
265.374
262.575
265.374
269.242
269.707
253.907
269.707
267.427
270.06
269.07
253.816
259.087
268.167
270.347
253.148
253.879
261.388
270.925
268.343
257.891
256.441
270.547
265.13
254.093
264.536
270.831
267.616
268.519
269.937
270.557
269.581
269.116
269.768
270.57
269.466
256.551
270.251
270.618
269.697
269.596
270.3
269.684
269.086
269.226
269.949
259.024
269.014
268.361
269.524
251.348
269.323
268.49
268.105
257.621
268.105
268.978
264.915
261.513
264.915
268.057
257.97
269.277
257.97
262.495
269.317
270.446
269.317
255.21
269.556
271.184
264.99
250.948
269.633
270.785
254.332
249.108
269.227
270.549
269.227
268.739
267.411
264.249
267.411
267.637
262.611
255.062
264.198
268.184
253.364
254.577
258.617
269.098
268.789
256.741
268.386
267.561
269.624
260.85
259.058
267.263
268.626
269.63
251.973
258.966
274.133
277.125
272.563
279.907
293.909
291.09
290.859
291.604
280.443
287.531
312.539
315.801
318.156
319.166
308.246
316.874
323.676
323.802
296.886
309.447
318.184
319.406
296.388
302.963
316.664
317.708
298.124
301.363
315.614
317.678
320.762
320.789
312.752
317.657
324.021
324.212
307.739
314.087
322.569
322.931
302.509
306.472
320.717
322.208
312.366
323.805
318.474
320.66
322.92
323.742
315.527
318.901
323.682
324.756
309.073
317.307
324.471
325.37
306.385
313.445
323.649
324.973
306.201
320.562
322.81
324.172
326.389
327.965
320.988
322.956
327.606
327.866
317.511
320.659
327.476
327.42
315.305
320.223
329.384
330.4
331.478
332.008
328.342
328.989
332.033
332.422
329.028
332.081
335.457
335.542
324.963
329.648
336.459
337.634
320.807
329.786
334.745
335.038
338.555
339.857
336.912
339.065
341.342
341.577
328.778
338.708
341.499
342.885
327.047
331.016
342.552
343.21
346.782
348.626
349.074
350.738
351.963
352.508
343.107
350.891
350.326
350.887
340.856
347.482
353.926
355.032
340.278
353.449
358.316
359.216
358.192
359.11
356.802
357.851
359.305
360.024
352.128
359.147
363.026
365.02
370.301
370.803
370.698
371.511
369.159
369.728
372.527
375.379
380.153
379.889
372.942
378.074
387.767
387.967
385.111
385.479
389.538
390.812
388.812
390.022
381.212
389.785
400.46
400.689
386.195
398.217
406.685
407.123
407.098
408.105
403.235
407.448
410.766
410.887
394.849
398.915
406.804
406.994
375.998
391.128
403.936
404.099
388.358
394.624
409.772
411.302
416.712
417.488
406.366
411.818
420.47
421.018
400.75
409.48
421.512
421.752
399.532
407.215
417.669
418.464
399.808
416.537
406.137
406.969
404.204
407.264
402.446
402.522
406.506
406.459
403.587
403.797
410.204
410.422
399.201
405.637
412.526
413.056
409.947
414.86
413.358
414.41
403.822
415.015
408.959
411.615
415.951
416.072
402.75
408.876
417.801
418.481
403.699
412.427
418.27
418.483
407.713
421.039
416.475
418.36
421.143
421.272
414.996
416.874
421.837
422.203
416.796
419.077
422.584
422.981
424.826
424.872
422.326
422.669
425.267
425.395
423.134
424.16
426.616
427.157
421.297
425.876
428.582
429.062
423.047
427.946
429.35
430.451
431.219
431.678
429.248
430.288
433.237
434.465
432.496
435.638
438.143
438.349
432.193
438.401
436.414
436.902
436.094
440.436
440.877
441.71
441.442
442.015
440.996
443.748
448.102
448.711
444.322
446.869
445.896
448.322
450.989
451.801
452.829
453.199
454.305
454.389
455.254
456.652
457.717
458.687
453.078
457.171
465.773
465.736
467.352
468.058
467.436
468.316
466.643
467.546
468.704
469.196
473.958
474.255
476.74
476.774
478.663
479.54
481.358
483.322
484.454
485.162
482.164
482.349
475.434
476.406
470.963
471.228
466.118
467.13
464.367
464.713
460.924
464.128
472.901
472.866
478.059
478.74
481.155
481.464
479.125
480.751
478.067
479.257
475.927
476.366
467.779
469.55
465.44
466.337
456.058
460.922
466.957
467.11
459.361
468.84
467.96
469.686
470.938
471.595
471.603
472.194
469.421
470.828
468.492
471.632
475.716
476.542
476.295
476.553
477.699
478.055
475.145
476.024
478.023
478.44
474.671
476.433
478.095
479.563
479.462
480.119
473.77
477.739
479.34
480.027
477.418
479.552
482.356
482.312
478.665
480.291
483.412
484.214
484.247
484.456
484.199
485.226
485.776
485.7
480.708
482.933
486.754
486.916
483.486
484.62
487.328
487.534
489.469
489.424
489.976
490.926
491.407
491.515
491.347
491.439
494.107
494.63
493.56
493.387
495.657
495.639
494.058
494.691
496.57
497.296
499.17
499.247
496.072
497.92
504.357
504.707
502.945
505.23
506.425
506.914
506.96
507.224
503.978
506.209
509.102
509.183
496.473
503.645
514.333
514.391
514.97
516.953
517.054
518.383
520.983
521.09
514.844
516.632
523.61
523.689
513.185
518.965
523.158
522.592
514.288
526.975
519.488
520.232
525.874
525.932
519.42
520.71
525.517
525.32
521.969
526.029
520.998
521.401
517.941
520.197
524.671
525.027
527.208
527.157
525.955
527.081
525.923
526.485
524.126
525.605
527.693
527.724
525.076
525.832
526.972
527.402
527.303
526.267
526.567
526.651
527.205
527.462
523.149
524.397
530.308
530.443
525.94
527.288
526.966
527.089
520.845
522.541
524.904
526.983
528.579
524.253
527.905
528.024
529.062
529.02
522.939
523.57
528.057
527.934
523.185
522.335
528.511
528.594
524.622
525.164
526.611
527.745
519.134
524.239
527.471
528.735
523.157
529.128
524.697
524.584
529.798
530.052
524.168
526.226
528.424
528.797
526.73
527.38
523.785
523.756
530.69
520.868
529.727
530.374
526.814
526.282
522.872
523.882
528.547
528.679
527.122
527.091
528.447
528.608
526.267
524.338
527.443
527.545
521.509
530.814
528.825
528.241
520.372
531.409
526.83
527.122
529.384
528.741
524.342
524.694
530.666
529.999
523.5
521.257
527.986
528.995
518.932
526.045
523.741
523.194
524.939
529.483
527.253
528.339
528.276
529.126
527.916
529.495
530.084
530.45
522.01
521.381
526.004
526.931
520.815
524.501
527.266
528.394
526.414
511.977
525.311
526.561
529.246
529.323
527.022
529.751
528.285
528.374
523.091
522.461
528.253
528.088
522.913
523.228
525.423
528.44
521.334
525.527
526.575
528.21
530.267
528.806
519.073
519.257
530.894
530.819
516.499
517.168
528.472
528.945
518.907
525.629
525.414
525.451
518.286
522.453
528.143
528.661
527.848
528.207
528.835
530.981
529.115
531.36
523.711
526.494
528.383
528.864
523.896
526.373
527.098
529.515
527.294
520.176
524.036
527.197
527.896
517.404
522.712
523.944
528.217
528.392
519.424
519.983
528.814
529.012
527.786
526.746
528.28
528.171
514.347
521.515
528.511
528.713
529.495
528.758
528.271
527.602
529.491
531.265
526.621
526.001
526.942
526.799
523.387
525.572
527.14
529.359
526.397
526.624
527.989
528.219
530.712
514.185
529.809
529.549
527.07
528.102
522.404
523.694
528.048
527.977
526.81
527.183
526.725
527.233
528.585
523.243
526.745
528.321
528.363
529.336
525.646
526.159
527.883
528.958
521.756
521.825
529.582
530.513
525.521
527.768
528.052
527.874
526.947
525.967
527.743
528.548
529.311
520.691
528.125
527.605
531.127
530.961
529.525
529.421
528.202
528.42
524
525.561
529.803
529.247
527.859
525.031
527.669
528.811
531.114
517.196
531.202
531.473
528.008
528.802
520.488
521.638
527.82
527.865
527.348
526.894
528.428
528.511
529.973
527.09
528.817
528.119
524.638
522.72
526.725
525.849
526.485
529.709
519.537
519.852
529.796
529.977
524.031
523.023
528.081
528.494
527.52
526.384
529.41
529.413
528.869
516.466
528.781
528.637
530.658
530.769
527.238
527.971
528.327
528.299
527.171
527.01
529.612
530.752
519.746
519.558
526.832
526.866
529.496
523.422
528.067
531.404
528.868
529.349
522.263
523.046
528.014
528.35
527.726
523.24
527.115
528.561
528.644
527.207
527.961
528.259
516.848
523.148
528.114
528.305
523.005
530.266
524.196
524.909
528.222
531.414
520.024
519.999
529.315
530.791
523.43
523.392
530.502
531.113
524.482
515.373
528.322
528.376
529.72
532.405
529.674
528.453
527.463
528.77
525.454
526.116
528.679
530.684
525.41
527.199
527.907
527.441
516.613
516.263
527.435
530.934
529.861
529.093
527.836
527.223
528.699
528.937
527.89
528.57
530.365
530.905
527.238
526.417
528.469
528.372
516.451
524.457
528.589
528.64
529.028
529.278
524.012
521.21
526.852
531.625
527.432
528.258
530.092
531.093
528.638
524.597
530.349
530.362
525.481
518.739
528.84
528.798
524.257
530.98
529.243
530.012
529.964
530.549
528.406
528.495
528.844
531.005
528.417
527.037
530.202
529.616
520.455
512.833
530.791
531.61
530.296
531.742
526.198
525.728
528.733
529.709
530.917
529.683
529.76
530.336
523.963
524.371
529.407
530.031
521.215
522.393
529.197
529.025
520.833
528.446
527.434
526.188
530.729
530.961
527.541
527.819
529.717
531.271
525.311
526.857
531.73
531.578
525.977
522.55
528.875
529.359
519.088
528.212
532.093
531.12
530.703
531.382
529.911
528.37
530.603
530.801
528.596
528.339
531.069
530.509
518.9
517.503
531.008
531.364
531.198
529.858
528.198
528.272
529.788
530.158
530.66
529.935
530.348
530.39
522.72
522.676
531.639
530.308
532.746
523.637
529.629
528.52
523.616
522.354
527.841
529.72
531.944
531.809
527.794
527.524
529.529
531.171
528.035
526.483
531.552
531.523
526.792
523.491
528.252
529.383
517.812
527.576
531.948
531.367
529.653
524.723
527.79
527.348
530.669
531.496
530.156
530.448
531.469
531.921
523.448
519.732
530.038
531.46
531.381
529.003
528.891
529.457
531.358
522.19
531.939
530.909
530.544
531.212
526.493
526.92
530.724
531.76
526
529.315
530.764
532.339
518.466
523.164
530.741
529.482
532.385
532.19
528.858
528.157
530.528
527.006
529.624
527.172
531.301
532.168
525.41
525.02
529.94
530.853
522.12
525.511
529.95
530.486
531.051
525.485
528.735
528.791
529.477
531.635
530.684
531.978
530.862
530.83
522.37
522.023
531.783
530.943
529.388
523.279
529.851
530.391
530.463
520.426
531.316
530.393
531.777
531.599
527.615
527.351
531.641
531.674
525.15
523.682
530.29
530.36
528.438
525.052
528.087
530.372
519.486
531.556
529.271
529.142
531.237
525.16
530.48
527.675
532.325
531.235
527.244
528.715
529.919
530.62
522.25
528.94
531.015
530.969
531.461
521.309
528.687
529.514
531.822
531.964
531.183
529.472
530.523
530.375
525.008
522.106
532.569
531.074
523.862
521.985
530.603
530.721
532.1
523.623
532.15
531.255
531.129
532.109
529.399
529.646
531.027
531.562
531.238
531.002
531.909
531.437
521.909
522.159
531.925
532.571
524.981
527.89
530.687
530.501
531.544
527.632
531.958
530.448
532.07
531.761
531.587
528.568
531.48
531.634
531.252
527.845
532.507
532.136
523.89
522.354
531.414
529.433
525.638
532.164
530.105
530.483
531.035
531.507
530.422
527.176
531.425
532.307
531.04
529.5
530.708
531.972
527.46
526.506
531.395
531.732
531.597
521.92
528.703
530.024
528.233
531.276
530.52
531.635
530.754
529.948
528.947
527.246
532.381
531.327
527.067
527.944
531.112
531.937
531.29
529.423
530.014
530.315
531.812
529.489
527.955
531.318
531.691
531.461
529.245
532.229
532.147
531.842
523.369
524.304
532.228
531.252
526.353
523.376
530.034
529.506
530.599
527.92
532.087
531.262
530.305
532.433
530.513
529.229
530.425
531.051
529.424
531.077
531.365
531.577
529.571
524.468
530.408
530.968
526.827
527.752
531.077
531.49
