30.845
31.866
42.266
51.932
117.208
101.123
153.749
191.096
263.786
206.641
316.071
336.972
316.071
410.164
477.214
415.756
476.876
478.81
492.424
532.384
529.165
528.477
530.477
528.477
536.064
527.326
536.655
531.836
510.466
525.641
527.929
525.641
526.344
506.561
500.687
530.386
498.86
530.226
520.75
531.524
503.138
530.684
530.337
524.229
530.052
513.16
530.086
529.31
492.319
531.033
515.212
537.149
529.779
517.726
505.482
512.051
510.423
530.598
518.172
496.639
524.729
530.17
494.368
528.006
526.88
523.673
531.367
499.213
531.999
530.149
515.071
530.766
532.867
530.516
531.854
516.326
504.668
516.877
512.226
532.076
524.22
510.498
530.678
503.463
502.312
531.515
528.355
522.812
530.997
499.8
519.811
502.626
531.96
531.145
520.828
528.781
530.971
523.739
531.576
521.173
518.92
530.85
531.606
531.646
529.988
523.986
532.307
531.219
508.211
528.097
531.818
532.302
526.292
524.33
530.604
529.59
513.628
522.186
532.762
531.496
530.45
529.581
532.279
530.022
532.318
531.805
531.003
528.272
531.255
531.047
532.421
526.745
531.609
530.616
