30.604
30.843
44.388
41.531
63.837
99.944
116.064
166.709
216.712
235.36
226.619
274.195
250.803
251.391
266.077
274.324
270.624
255.789
274.806
273.579
274.562
272.658
251.962
271.088
257.117
272.786
270.253
266.289
268.491
273.235
273.517
261.316
273.284
273.001
255.612
252.619
259.9
273.36
269.192
251.86
273.042
273.718
273.109
251.821
254.684
273.304
264.354
263.784
269.805
273.005
272.302
271.569
273.623
270.273
277.916
271.574
261.748
260.138
266.868
272.709
270.259
254.602
273.133
272.809
273.133
251.074
256.597
271.605
256.597
255.131
269.866
271.391
269.866
271.647
272.154
269.235
272.154
271.777
256.685
261.724
269.794
271.73
275.037
254.622
272.672
271.14
277.872
252.562
253.524
270.453
260.835
260.653
268.385
271.409
272.833
271.064
275.678
269.202
278.709
270.083
273.171
262.701
272.234
270.103
283.081
253.843
273.071
270.789
283.396
250.717
264.808
270.569
269.118
252.485
269.745
270.953
275.278
251.872
277.632
270.075
281.924
270.118
271.154
266.994
271.699
269.875
275.967
257.531
276.037
269.033
273.408
252.384
258.827
270.31
260.876
246.101
