30.333
30.849
35.417
41.259
80.625
97.605
148.44
168.318
206.402
240.803
253.848
271.222
267.145
248.35
250.298
270.705
241.605
269.432
263.862
269.389
268.522
269.857
269.64
259.494
269.89
270.143
269.655
255.452
269.806
270.767
253.443
254.457
263.089
270.356
255.088
259.167
262.837
270.071
264.624
268.319
257.129
267.951
267.304
268.565
264.951
255.64
266.93
268.978
269.375
255.067
264.618
268.804
268.293
248.175
264.962
268.899
268.344
261.22
260.396
265.321
268.65
269.847
254.244
257.834
268.246
270.137
254.118
253.608
268.257
271.024
244.589
249.164
264.68
270.205
267.614
265.678
264.71
270.433
267.161
267.444
257.355
265.933
266.725
267.878
265.071
254.841
267.218
268.483
269.355
249.617
268.526
268.197
269.893
259.009
265.374
268.151
269.161
269.997
255.656
267.883
266.123
270.344
248.145
256.612
255.825
270.267
266.135
253.969
266.135
271.158
269.598
256.322
269.598
270.969
269.175
269.861
269.175
268.733
266.906
270.317
266.906
260.111
248.98
270.102
248.98
254.317
268.851
270.529
254.482
253.347
268.087
270.494
261.176
269.504
279.215
275.656
