30.474
30.864
43.063
42.262
87.474
106.427
183.277
136.851
185.426
257.696
330.537
288.419
379.5
406.699
379.5
437.888
472.761
437.307
529.324
437.307
525.561
518.375
525.561
530.905
505.176
537.048
529.805
523.668
529.873
504.861
530.17
521.01
511.478
495.599
530.057
530.748
499.772
530.401
525.762
526.31
530.78
511.28
523.992
521.14
494.661
531.209
509.771
502.227
530.192
523.568
505.338
510.335
531.536
529.539
509.413
501.407
525.019
529.746
494.387
525.065
528.05
530.71
530.687
501.595
512.284
524.915
510.285
531.194
516.744
514.728
531.037
523.279
512.137
518.313
499.472
531.591
530.702
514.989
521.096
530.305
500.314
531.087
524.417
519.469
530.665
529.692
522.353
522.246
513
531.043
520.887
522.895
530.276
530.482
524.02
531.353
508.384
530.529
531.381
530.871
522.745
529.448
531.794
531.578
522.942
525.841
531.023
530.724
515.883
513.131
532.447
531.155
500.999
513.307
530.794
532.103
532.323
518.206
530.573
530.013
503.709
530.299
523.952
531.438
531.451
531.197
521.283
523.937
530.495
532.059
519.085
506.22
528.054
529.95
