31.026
31.174
40.57
43.078
103.039
110.754
185.158
168.393
211.768
257.413
299.356
329.282
403.268
341.261
425.53
475.926
518.316
497.361
530.128
531.376
518.824
504.994
522.085
531.811
530.411
530.689
530.383
532.296
531.885
528.563
531.033
522.989
501.4
523.571
530.171
505.148
515.417
530.665
530.431
531.88
530.529
531.438
519.204
498.908
528.107
531.121
530.969
527.713
530.977
531.57
530.75
531.463
530.238
528.08
502.279
524.608
527.853
531.505
531.507
531.452
529.112
527.062
527.915
531.385
