31.357
30.878
43.53
41.606
97.769
111.602
183.38
149.33
200.901
257.892
330.195
303.318
402.359
303.318
413.003
474.799
477.751
475.925
531.828
475.925
531.47
530.658
537.008
532.332
514.957
531.565
531.938
531.565
523.766
501.706
528.299
530.265
511.892
531.979
524.927
524.858
529.535
502.057
508.78
524.391
529.381
524.391
530.67
531.304
527.187
531.131
528.946
535.851
530.298
520.71
520.847
503.803
501.635
529.207
531.689
496.375
524.454
521.907
517.917
530.2
501.939
520.101
530.526
500.899
531.147
526.571
504.853
531.037
531.164
530.252
531.279
494.67
504.644
530.156
499.076
529.243
530.891
531.519
521.304
503.536
530.394
530.98
501.105
517.955
531.521
530.704
526.431
515.384
507.648
530.678
531.718
530.938
530.029
526.917
532.015
531.741
502.153
531.12
531.504
531.896
524.406
505.561
530.873
530.343
502.13
514.011
530.199
532.506
521.478
505.494
529.987
530.195
502.574
531.112
528.948
530.46
530.979
528.132
516.978
527.61
530.661
531.481
522.725
513.7
531.4
532.362
516.602
527.677
524.717
531.255
531.371
506.41
528.848
531.343
