30.475
31.002
35.099
37.628
76.132
97.685
134.463
169
175.594
240.407
263.179
270.164
248.888
247.674
258.454
270.54
268.665
261.667
270.296
270.225
270.051
270.011
251.824
261.72
267.126
268.994
266.02
257.111
265.284
269.455
269.365
252.366
267.205
269.835
264.667
258.29
263.859
269.114
259.704
270.116
261.289
268.753
268.634
269.437
257.174
263.796
267.768
269.964
252.994
256.883
266.712
270.387
255.353
254.817
261.963
270.727
257.714
268.31
257.714
270.543
266.563
266.992
262.495
268.211
267.054
267.637
266.456
255.976
267.226
268.667
268.586
251.721
268.047
271.582
263.316
260.577
268.692
277.234
268.438
278.559
262.404
270.718
287.155
290.535
287.263
295.446
292.495
300.023
300.26
300.503
275.897
294.006
302.516
303.798
273.064
282.682
304.028
307.686
275.607
278.972
297.989
308.07
272.392
276.792
294.781
307.499
314.118
315.032
280.425
297.609
313.926
315.391
286.081
293.244
314.697
317.46
294.09
314.324
314.067
318.479
324.079
324.579
298.9
311.254
325.718
326.883
308.896
314.068
328.799
331.34
334.658
334.949
327.819
328.641
