30.445
30.898
37.27
39.938
103.855
98.35
151.861
181.083
251.965
205.385
307.474
329.21
354.743
400.044
472.032
414.027
474.926
414.027
490.183
532.68
530.165
531.721
530.154
531.605
530.202
531.342
535.677
529.617
504.587
524.035
525.486
524.035
528.155
512.689
501.34
522.508
529.385
530.902
514.065
499.266
522.77
530.222
521.209
530.98
530.692
534.658
532.6
531.404
497.644
530.06
531.671
533.825
525.263
508.115
528.594
530.484
497.48
518.376
531.893
535.228
511.161
500.789
513.163
529.881
509.129
522.259
529.303
505.451
529.822
530.34
507.694
529.396
528.32
530.892
522.2
494.867
531.591
531.16
500.327
516.535
530.504
532.519
504.528
495.041
528.302
530.055
500.244
518.943
530.234
530.585
531.224
497.675
526.767
527.204
528.45
530.021
520.559
510.752
530.899
526.846
515.603
525.42
530.9
530.099
531.063
510.558
528.863
530.295
526.936
530.53
530.558
524.125
530.847
511.252
521.519
522.623
532.023
531.32
527.504
524.099
530.564
530.693
520.181
520.025
532.084
530.063
530.38
530.958
527.974
530.811
532.22
531.261
530.01
524.345
531.211
530.663
