30.903
31.945
41.459
45.847
110.455
97.587
147.719
186.452
259.938
201.535
305.615
334.435
305.615
406.616
476.093
407.111
476.151
483.897
494.717
532.404
532.11
532.648
530.39
532.648
524.743
515.328
531.871
532.432
504.766
523.978
530.528
523.978
532.822
502.043
527.21
529.633
505.287
531.462
524.611
531.038
508.152
531.178
531.698
531.445
531.351
531.445
530.436
522.678
508.024
530.295
508.222
522.539
531.004
527.816
503.744
513.327
499.449
530.669
503.032
495.517
529.246
530.887
498.704
530.293
529.88
527.162
531.054
519.048
520.676
526.79
495.757
531.05
518.185
516.457
531.94
527.746
511.167
514.554
508.567
530.46
531.498
505.858
522.093
531.417
505.684
531.427
529.359
523.307
530.739
506.305
527.216
518.881
500.575
530.91
516.781
522.175
530.75
511.977
523.836
531.254
505.268
531.174
531.955
531.665
530.12
517.461
513.318
531.031
505.249
529.659
531.394
530.604
524.128
526.89
531.348
530.196
505.14
518.367
531.054
531.993
522.07
513.837
530.892
531.978
507.862
517.837
529.179
520.297
531.748
530.766
531.504
524.64
524.818
530.853
