30.465
30.86
43.035
41.264
57.906
100.322
117.179
170.03
200.791
237.01
212.691
274.225
263.206
249.856
269.804
274.326
280.515
268.521
278.079
269.48
279.213
272.843
260.777
266.974
261.846
273.174
273.952
260.376
273.958
273.99
273.984
256.781
279.309
274.064
246.837
252.447
255.475
273.132
272.868
258.378
274.817
270.931
274.119
272.267
253.739
269.512
253.739
272.281
273.743
259.14
273.743
271.936
273.591
259.733
273.591
272.934
249.323
250.628
249.323
272.892
273.141
260.546
272.866
271.57
272.861
272.201
260.469
270.562
260.469
271.443
273.099
260.312
273.099
272.25
273.202
255.094
273.202
271.943
249.288
249.349
249.288
271.943
271.526
272.005
270.823
270.386
270.589
270.989
256.09
261.987
256.09
271.316
271.463
254.779
271.463
271.791
272.364
257.095
272.364
271.22
259.81
242.913
259.81
270.953
271.687
270.334
271.687
269.984
271.74
270.573
250.956
258.226
250.956
270.237
270.988
254.957
270.988
271.058
271.955
251.501
271.955
270.658
257.242
255.547
257.242
269.758
270.452
269.924
270.452
265.772
271.023
269.642
259.343
257.422
259.343
269.898
