30.498
30.312
39.938
34.936
98.92
75.982
161.228
140.514
230.43
208.883
275.142
264.548
280.384
277.552
270.493
269.37
282.984
278.83
266.293
269.216
282.781
276.37
264.131
268.082
283.042
275.037
262.858
265.801
282.488
272.849
280.13
280.036
279.127
271.265
280.88
279.583
268.37
267.433
282.762
279.183
259.255
263.689
275.718
270.176
255.517
262.318
277.997
269.646
263.214
267.997
276.189
271.977
270.024
273.588
267.402
263.308
269.814
263.748
259.864
261.428
269.834
265.223
253.953
262.429
270.84
265.512
252.747
264.391
270.169
265.964
269.535
266.642
268.424
265.691
270.222
268.557
260.86
264.245
270.324
267.468
251.56
261.779
269.898
267.405
255.957
266.063
268.037
267.378
268.117
267.414
267.573
262.257
268.886
267.738
256.553
264.855
266.023
266.328
249.932
262.567
266.685
263.071
251.146
255.6
267.957
256.911
252.742
260.807
267.429
261.846
266.764
266.016
264.209
267.573
266.085
267.195
254.386
266.264
267.416
267.002
248.687
269.05
268.151
272.261
244.621
266.98
266.25
268.487
266.159
272.453
262.185
265.25
266.581
269.233
255.902
270.28
