30.505
30.465
41.254
41.511
95.429
57.155
164.11
115.162
231.534
207.248
273.993
217.841
274.4
255.124
271.683
269.88
273.788
279.052
262.843
287.712
273.212
279.976
257.819
253.37
273.791
254.668
260.012
273.567
274.102
273.663
272.923
274.342
273.904
274.284
264.346
252.672
272.94
261.758
272.071
273.401
268.603
279.189
272.727
273.298
259.993
252.679
273.625
252.679
262.253
271.591
272.16
271.591
264.181
274.033
272.752
274.033
260.151
252.201
272.774
252.201
271.7
271.597
267.518
271.597
271.373
273.191
259.237
259.699
272.102
259.699
256.446
272.908
272.645
272.908
253.417
273.195
272.22
273.195
257.839
255.767
271.473
255.767
271.26
272.372
268.466
272.372
270.864
272.527
258.583
250.322
270.564
250.322
251.988
271.642
271.678
271.642
258.847
272.077
271.225
272.077
253.822
252.783
270.883
252.783
270.651
270.525
266.923
271.363
270.927
271.849
259.286
262.203
269.56
262.203
252.463
271.16
270.989
271.16
250.428
271.404
270.332
271.404
265.984
256.231
268.041
256.231
269.668
270.578
265.197
270.578
269.398
271.178
257.034
258.297
269.191
258.297
