30.914
30.87
42.003
50.426
114.53
97.787
149.034
187.759
262.257
199.628
303.824
336.26
389.306
405.407
463.432
405.407
463.302
479.977
463.302
530.84
531.796
530.613
531.786
530.613
529.618
517.653
529.618
530.573
511.734
527.257
531.77
527.257
532.104
504.707
531.594
527.355
502.286
528.765
524.177
530.407
502.358
529.46
528.858
530.902
529.961
498.016
530.013
524.972
500.082
531.309
519.356
523.072
530.158
530.04
506.774
516.49
529.521
530.407
506.699
499.798
523.325
531.993
501.464
531.323
530.517
530.475
505.765
489.09
527.259
529.868
517.928
531.001
524.27
501.183
531.258
510.779
516.617
525.135
525.493
530.9
506.235
501.3
530.755
529.976
518.475
530.871
517.095
531.92
505.722
490.687
524.303
530.452
531.535
531.431
524.746
527.245
530.976
502.985
522.299
513.042
528.592
530.323
524.513
515.981
531.266
517.027
532.094
530.617
531.98
527.714
531.18
511.749
529.092
523.818
534.26
531.308
528.521
528.954
531.756
528.915
527.21
517.604
530.384
531.449
523.247
531.87
531.227
529.02
532.516
525.268
530.545
528.591
532.151
529.381
529.509
529.858
