30.823
30.856
42.851
46.61
113.429
99.839
154.143
186.919
259.626
206.253
312.025
332.98
312.025
406.226
474.967
414.801
474.658
451.78
479.977
530.77
530.892
530.621
529.715
530.645
530.923
527.701
530.952
531.638
505.874
520.541
530.818
520.541
529.575
504.747
507.506
529.202
496.189
531.4
521.382
529.071
523.825
530.557
522.384
527.561
530.718
527.561
530.088
529.684
500.149
530.737
506.505
526.642
530.758
496.639
501.606
508.215
497.777
529.1
530.302
502.961
522.906
528.088
519.277
530.662
510.754
520.886
531.111
497.141
530.82
520.938
510.888
531.072
527.68
516.731
530.046
508.186
525.369
530.654
516.549
527.827
531.302
525.559
523.092
499.366
531.671
531.082
500.727
514.288
529.786
530.641
516.084
505.279
528.106
531.041
518.419
531.188
528.453
530.176
531.413
526.178
515.923
526.663
533.308
532.47
519.249
508.302
530.728
531.227
513.737
531.618
529.913
530.112
522.988
505.515
531.857
529.552
533.267
531.121
521.989
530.859
530.861
527.931
524.252
529.565
531.075
530.325
522.225
516.152
532.042
528.349
527.169
531.797
531.088
524.275
