30.391
30.875
34.828
34.273
73.098
103.318
147.71
173.425
212.602
245.962
257.539
269.848
257.7
251.176
267.017
270.388
269.271
248.611
267.675
270.072
269.175
269.932
250.604
269.949
266.824
269.372
268.385
267.651
265.621
269.256
266.735
260.164
263.361
269.563
268.497
257.852
261.916
270.304
268.332
251.585
258.235
270.231
267.268
252.759
256.295
269.961
267.204
269.927
266.616
269.749
268.348
269.667
269.302
265.277
269.29
269.851
269.301
258.9
269.097
269.078
269.452
254.864
269.119
268.918
270.071
246.849
269.41
268.981
268.89
248.674
268.586
267.487
269.403
269.997
268.434
266.275
264.531
270.135
250.326
258.972
244.649
269.594
240.093
251.719
266.007
270.137
253.738
251.222
267.537
271.019
268.718
262.944
270.398
271.247
269.827
270.532
262.457
270.589
268.813
267.792
253.713
262.859
267.474
269.115
268.626
254.786
266.299
269.828
266.299
250.246
270.419
271.236
270.419
258.434
270.154
279.118
281.753
283.506
272.418
276.728
296.722
308.157
312.442
313.003
298.602
312.921
331.791
333.023
305.877
312.091
334.182
337.763
346.666
347.302
