31.69
31.153
36.161
44.463
107.213
109.011
186.722
158.732
249.578
257.667
322.529
323.543
405.188
329.532
446.512
477.354
495.203
500.433
532.453
515.713
522.252
525.936
532.283
531.584
516.882
528.572
530.805
531.147
530.887
530.678
526.361
530.632
531.475
531.132
529.858
501.984
508.868
529.909
524.698
521.927
530.097
531.311
522.664
507.908
525.786
531.167
524.893
516.082
530.669
524.332
531.113
528.096
515.332
530.194
531.163
531.204
527.444
508.02
531.134
528.358
514.915
526.398
530.595
528.912
515.924
499.521
530.144
530.605
509.686
523.714
530.69
530.399
530.075
514.433
524.496
530.62
531.993
531.481
527.156
526.449
531.854
532.148
515.601
522.555
528.573
528.397
518.967
509.562
530.171
530.386
510.192
525.914
530.287
532.107
530.325
511.194
531.161
521.359
515.258
531.906
524.938
524.704
529.972
530.331
522.534
519.398
531.784
530.533
531.551
532.263
530.371
528.177
520.721
531.027
527.073
529.54
531.655
532.278
525.176
527.507
529.236
530.841
507.408
519.942
530.135
530.776
526.304
512.736
529.648
528.886
514.779
531.033
529.074
528.338
