30.678
31.215
42.081
42.048
111.231
99.836
165.543
185.683
257.367
206.362
332.013
292.38
339.998
405.629
476.773
416.692
491.328
518.118
526.847
530.872
526.483
532.374
531.778
530.861
530.411
530.682
532.638
530.939
500.036
525.193
526.667
531.061
529.728
521.763
511.575
528.214
523.009
492.001
530.286
525.471
530.72
531.302
508.083
522.704
532.064
529.976
524.482
524.617
515.859
531.156
530.047
521.909
527.483
530.804
530.509
529.733
520.563
529.271
531.504
512.659
530.704
525.286
531.937
530.886
510.623
522.476
530.815
530.148
522.793
517.716
529.285
531.004
520.893
530.663
529.269
530.395
531.873
532.192
532.004
528.42
531.265
531.842
526.948
529.891
531.073
532.244
507.6
521.253
531.492
531.95
529.131
525.424
528.376
530.661
517.053
529.035
530.696
530.748
531.721
530.867
530.733
530.915
528.892
531.716
527.658
531.008
532.016
531.424
506.554
522.507
530.535
530.997
523.013
514.135
530.657
529.173
531.297
515.417
530.374
530.995
532.2
531.3
529.503
529.864
531.573
530.521
529.203
527.169
531.592
531.169
514.178
523.925
531.898
532.013
525.429
515.162
