30.935
30.875
49.45
41.826
102.138
117.444
188.628
155.504
208.797
262.852
335.404
314.858
406.847
314.858
421.539
477.761
428.101
478.051
529.802
486.451
527.426
520.118
528.17
530.83
531.104
531.311
529.27
531.31
535.747
511.742
535.747
531.018
502.637
528.256
528.443
503.117
535.521
500.289
529.464
524.18
531.546
512.032
523.652
517.401
525.537
531.23
531.726
530.476
532.189
506.397
527.877
517.138
500.928
531.358
518.935
497.105
527.712
502.769
505.989
531.033
509.319
522.158
529.638
520.211
516.48
504.107
500.614
529.816
531.883
531.004
530.085
518.095
531.722
531.203
502.242
530.383
531.624
531.722
528.267
507.168
531.012
530.181
501.196
519.313
530.836
531.856
523.584
512.547
527.496
531.077
510.601
520.337
529.961
527.213
530.756
532.274
510.861
529.769
532.024
532.047
522.966
504.122
532.328
530.841
510.83
521.877
530.74
532.109
510.308
504.021
530.493
530.383
516.217
531.624
523.821
530.914
530.722
509.627
526.172
529.148
531.78
530.603
527.359
521.938
531.509
531.259
511.254
520.961
528.992
527.616
531.876
510.261
529.987
530.716
513.622
531.947
