30.942
31.299
36.593
43.877
100.083
111.066
184.337
154.353
239.122
255.812
330.342
309.814
402.773
309.814
416.909
477.675
482.869
485.944
532.679
486.116
532.343
524.147
527.255
530.511
530.661
532.127
530.516
532.127
516.111
510.683
515.16
530.682
496.975
523.759
528.287
500.103
525.742
530.247
525.946
521.331
526.273
512.127
524.913
516.836
506.294
529.98
531.734
530.576
530.523
501.985
520.514
531.155
494.648
529.769
514.216
502.792
530.048
503.796
526.466
530.856
521.507
524.219
531.375
498.532
521.807
506.829
518.954
530.042
526.565
531.23
530.967
520.916
532.102
531.302
500.12
532.107
521.169
514.874
530.019
517.158
530.16
530.801
499.304
527.264
531.537
532.372
524.688
515.614
531.59
530.813
511.751
518.099
531.094
529.306
532.12
526.202
530.511
529.591
525.943
530.733
529.682
520.541
529.946
531.553
508.89
520.023
530.775
531.402
523.052
518.005
531.809
531.335
498.432
512.314
531.081
531.285
530.301
520.652
531.185
529.319
506.488
530.963
526.963
531.937
530.619
530.543
515.19
525.039
531.964
530.436
515.342
528.512
531.479
528.761
