30.539
30.485
42.585
39.653
96.162
86.525
166.36
160.629
238.917
221.103
275.444
272.944
277.094
277.025
272.383
274.55
277.503
276.067
265.641
271.955
277.037
276.573
261.766
278.181
277.84
274.982
257.41
264.856
277.29
273.895
263.577
262.004
277.382
273.074
269.371
268.193
272.032
271.365
263.077
266.076
271.51
264.207
270.144
269.333
266.136
267.565
270.391
264.965
259.793
263.49
268.111
267.687
253.304
262.212
269.216
272.129
257.593
262.95
269.054
270.607
268.211
260.179
269.152
265.944
268.18
265.639
265.13
273.419
267.299
267.329
258.854
271.488
268.935
264.774
248.809
271.185
268.872
270.697
251.022
275.311
267.814
270.169
256.198
266.492
268.142
274.26
267.436
265.569
263.226
268.474
265.56
268.657
255.326
264.909
265.768
270.048
251.454
262.565
266.69
260.929
251.807
265.446
266.296
261.8
256.446
268.967
265.732
268.532
266.379
271.771
260.312
272.068
266.354
275.849
252.377
269.663
266.554
273.905
247.115
271.386
266.733
275.958
247.255
279.393
266.919
284.605
258.648
281.173
266.6
286.52
266.346
284.35
260.312
282.262
