30.854
30.861
47.016
40.396
98.252
114.297
187.26
155.63
202.954
260.866
332.319
303.242
404.968
319.223
408.772
473.77
478.397
474.999
531.035
481.957
531.833
531.758
531.833
530.441
511.938
529.319
530.4
525.372
524.761
505.186
517.242
529.653
510.917
516.272
526.206
527.303
509.647
519.804
521.612
524.48
530.369
512.524
530.518
531.596
514.596
531.291
527.714
522.418
530.99
503.802
509.142
501.941
491.28
529.841
530.399
528.578
522.949
525.419
509.802
530.748
506.044
522.818
530.913
524.027
530.647
526.171
502.742
530.595
531.637
531.414
530.538
500.198
504.723
516.906
496.468
530.238
531.274
532.811
523.476
499.943
499.444
529.955
496.407
520.539
530.984
532.492
524.097
521.368
518.863
531.721
503.868
512.137
524.795
531.152
531.355
530.554
507.913
529.158
531.956
531.374
520.088
502.751
530.373
530.132
513.403
521.827
531.096
531.427
506.741
496.621
530.688
529.645
511.034
531.624
523.691
532.159
531.765
527.771
530.452
522.393
523.56
529.889
525.91
519.161
531.277
527.622
527.271
515.067
529.277
529.483
531.136
515.538
528.259
530.953
528.047
530.134
531.602
521.28
531.376
527.786
527.577
521.382
532.333
530.83
518.621
526.246
530.687
532.394
518.325
522.596
530.983
530.539
525.062
532.047
525.292
531.167
532.17
530.955
530.192
529.403
531.663
531.086
521.695
527.457
531.953
531.322
532.331
519.725
530.572
529.259
531.664
527.823
526.69
529.92
532.077
531.989
524.989
530.009
532.644
532.053
524.923
525.457
532.04
532.35
518.553
513.102
528.921
529.779
515.735
534.49
529.309
532.168
531.365
531.907
532.388
529.762
531.99
531.809
528.566
530.793
532.232
531.174
527.463
523.35
532.718
530.665
531.096
518.711
530.895
528.785
523.453
531.73
531.381
530.638
531.498
532.537
531.462
525.186
532.032
531.659
523.105
528.396
532.111
531.405
524.009
517.864
528.998
530.856
532.202
519.912
530.125
531.899
531.397
530.999
532.062
530.36
531.414
531.419
526.557
529.617
532.066
532.014
520.764
523.867
531.904
530.302
527.986
525.029
531.028
530.884
523.739
531.442
527.938
530.972
531.591
523.643
531.862
529.465
532.589
532.004
527.741
529.203
531.465
528.855
516.823
524.51
531.281
531.484
530.965
521.585
530.32
531.599
531.403
532.149
531.832
531.983
531.676
531.527
530.945
517.811
530.695
530.705
527.941
525.843
532.015
530.709
529.457
522.934
532.137
531.721
532.059
523.408
528.401
530.891
531.142
531.623
531.856
529.911
531.293
531.321
528.784
529.871
531.987
531.041
532.407
524.998
531.911
531.899
530.719
521.539
532.135
531.803
531.669
529.866
530.764
530.543
532.581
531.897
530.198
531.49
531.136
530.877
524.967
524.483
532.443
532.188
517.89
523.916
528.031
530.892
530.699
527.509
532.013
530.438
531.478
532.387
532.057
527.788
530.922
531.874
526.63
531.924
531.534
530.211
523.581
516.423
531.836
529.829
517.755
523.931
530.191
530.954
531.789
532.197
531.436
530.4
531.807
531.718
530.802
526.169
531.842
532.194
525.667
523.664
530.739
530.964
525.496
520.524
531.088
531.519
520.461
520.785
529.949
530.214
531.466
531.856
525.912
530.361
526.564
530.765
526.418
529.863
530.937
529.927
523.979
528.811
530.778
531.876
527.723
516.335
531.086
530.554
532.321
531.839
530.803
530.385
532.035
531.916
529.937
528.924
531.984
531.201
527.294
528.254
530.08
532.008
526.161
526.708
531.176
532.261
521.108
526.602
530.696
530.907
531.098
532.208
529.748
530.366
531.874
531.645
526.984
530.596
530.64
531.919
526.09
528.675
531.087
532.66
528.019
516.365
528.588
531.276
529.148
531.225
530.235
531.869
531.157
532.251
531.254
529.06
530.876
532.236
524.067
527.246
530.428
530.801
511.712
526.154
531.378
530.747
531.868
525.608
526.9
528.041
523.965
532.027
529.673
532.202
531.361
531.977
530.855
529.891
532.268
531.812
526.251
519.041
530.921
531.909
516.75
523.08
530.952
531.247
531.682
526.525
531.344
531.583
532.199
531.595
531.023
530.494
530.973
532.528
529.24
526.825
528.79
532.02
528.219
529.128
530.934
530.822
520.268
528.834
531.651
530.875
531.938
529.689
528.856
531.481
530.667
531.657
532.195
527.145
532.088
532.468
525.585
528.635
530.638
531.066
519.454
526.837
531.552
531.431
531.05
523.428
530.84
530.773
532.038
532.189
528.806
532.047
530.869
531.478
532.12
526.974
532.393
532.038
524.501
518.802
531.092
530.763
521.885
524.272
530.378
529.192
531.209
530.861
532.04
530.991
526.59
531.947
529.265
532.012
531.597
532.133
526.141
525.483
532.361
530.948
524.506
516.269
528.046
531.791
520.443
525.778
530.681
531.605
531.143
530.313
530.622
529.557
531.634
531.888
529.28
530.4
531.385
532.364
530.533
519.986
532.441
531.308
519.903
529.977
530.805
532.095
518.238
529.531
531.407
529.749
530.884
532.133
524.673
531.552
531.726
531.592
531.517
528.805
532.404
532.164
524.005
525.329
531.517
530.855
527.374
525.536
530.883
527.388
531.954
531.784
530.588
530.214
531.606
529.898
524.301
530.789
532.138
531.436
528.017
526.99
532.532
533.296
520.268
513.909
528.819
530.11
530.486
523.949
529.379
531.991
531.883
528.188
529.909
530.744
532.169
532.151
528.53
531.167
531.966
531.22
516.198
524.649
530.94
530.705
519.905
525.606
530.599
531.396
512.594
525.182
529.992
532.561
531.872
529.543
532.375
529.853
528.832
531.104
529.445
529.103
531.629
531.119
522.566
527.132
532.845
532.024
524.195
513.751
530.36
531.313
512.869
529.285
531.815
531.636
531.049
531.892
530.21
529.089
531.396
531.746
529.057
529.21
531.625
531.774
528.201
523.689
528.85
530.565
531.651
532.665
531.245
531.007
530.857
532.224
531.016
528.061
531.082
532.192
526.953
530.191
529.37
531.749
526.404
525.006
531.345
532.192
532.039
520.59
530.87
531.161
525.015
532.682
529.934
531.194
531.33
532.186
531.774
529.353
531.379
532.208
527.394
527.893
530.456
529.04
513.799
522.284
531.458
532.373
531.392
519.759
531.514
532.277
532.395
531.571
530.506
532.286
532.054
531.979
526.65
529.182
532.242
531.57
530.728
521.086
529.899
531.676
532.062
521.455
531.98
530.826
531.471
531.853
531.626
531.472
531.412
532.59
529.441
525.586
532.004
531.11
520.088
530.423
532.118
531.42
530.357
521.759
526.031
531.194
532.467
532.211
531.446
529.829
531.868
532.108
524.42
529.743
531.572
531.943
520.94
527.081
532.14
531.459
518.747
532.42
531.071
531.7
526.525
527.652
529.228
530.689
532.308
532.303
528.218
531.251
531.017
532.712
525.639
516.02
532.713
531.666
529.938
523.115
531.409
531.491
528.465
529.605
529.364
530.382
532.105
532.515
530.977
531.59
531.757
531.992
528.719
521.419
532.228
529.92
525.456
518.387
531.604
531.725
522.848
531.295
530.079
530.851
532.8
529.078
531.319
531.415
530.888
531.671
531.87
526.764
531.764
527.98
526.317
523.016
529.17
531.354
522.868
523.718
531.79
529.929
532.234
532.179
530.292
530.31
531.487
532.082
528.888
529.156
531.414
530.887
517.571
524.634
532.229
532.847
530.66
521.938
531.402
529.691
532.509
531.538
530.937
529.668
531.938
532.325
531.838
530.072
532.818
532.507
532.123
524.509
531.962
531.522
516.329
527.865
530.637
532.63
531.564
520.958
530.759
531.164
531.442
530.856
526.228
530.853
531.664
529.145
532.749
524.127
531.308
531.42
526.193
523.289
530.884
530.103
532.218
530.661
530.555
529.314
532.382
532.841
526.381
532.171
531.645
531.515
529.237
526.994
532.118
532.171
525.658
522.287
528.61
530.756
531.108
524.828
527.816
530.797
531.13
527.328
524.697
529.187
532.289
532.686
524.489
529.861
532.609
532.293
525.142
520.064
532.19
531.796
517.687
533.266
530.597
531.539
521.884
532.294
530.917
531.011
531.784
532.109
528.985
529.516
530.702
530.444
522.489
515.508
528.907
531.367
521.519
519.496
529.065
532.187
531.912
532.048
526.158
530.559
530.647
531.65
526.307
530.83
532.285
532.09
525.498
523.788
530.76
531.567
532.148
528.784
532.015
531.408
526.649
531.295
531.683
531.166
531.847
532.383
531.243
530.688
531.224
531.744
528.66
532.117
531.955
532.154
524.81
524.231
530.753
531.277
526.934
522.453
531.024
529.365
531.854
531.994
532.583
529.821
531.884
532.3
532.291
532.043
532.273
531.534
531.502
523.658
531.545
532.439
527.771
527.666
530.727
531.942
528.398
531.838
530.308
526.57
531.776
531.09
531.29
526.569
531.295
531.406
529.855
527.738
528.746
531.476
532.203
522.897
531.372
531.431
532.313
527.058
531.197
531.228
531.041
531.466
529.473
528.863
531.412
530.542
527.125
520.035
532.401
532.458
531.93
526.344
532.076
531.214
531.547
532.574
532.278
524.203
531.999
532.11
526.783
527.374
532.672
531.346
530.46
525.522
527.687
532.373
531.08
520.024
529.199
532.14
531.558
532.585
531.717
531.125
532.943
532.529
527.659
527.064
532.59
532.331
521.105
518.192
530.788
530.51
532.034
523.329
526.58
531.524
531.88
531.661
529.589
529.506
531.744
532.196
526.782
532.519
531.859
531.583
523.584
527.885
531.257
531.291
530.826
532.344
531.732
531.884
532.037
532.355
529.048
531.538
530.759
532.044
526.73
524.237
530.657
530.333
526.757
532.671
529.854
532.269
532.277
532.204
532.118
530.745
531.981
532.292
524.096
529.803
531.032
531.879
523.129
527.732
532.46
531.73
522.822
525.851
529.605
530.543
529.083
530.678
531.721
531.818
530.481
528.606
530.387
530.151
530.763
529.977
527.926
529.458
531.178
531.086
522.654
523.012
531.11
530.478
532.497
532.009
527.619
530.509
532.649
532.133
531.267
532.466
532.173
532.365
530.432
523.293
531.401
529.092
532.374
520.917
531.664
531.113
532.554
524.079
529.525
525.884
531.602
532.308
527.662
530.145
532.231
532.11
532.221
529.986
531.23
530.495
524.785
527.502
531.44
531.619
532.077
532.291
532.148
528.856
531.878
531.232
530.559
525.677
530.476
532.3
526.221
525.234
532.577
529.847
528.67
526.742
531.626
532.307
532.185
532.12
529.837
531.358
532.207
533.541
531.059
529.529
531.557
532.08
526.07
526.817
531.923
532.078
526.638
517.912
528.926
528.823
522.124
532.355
531.801
530.912
531.982
532.4
529.78
530.275
532.502
532.163
528.496
530.803
531.324
531.834
519.688
523.215
528.68
532.054
528.374
525.26
530.68
530.382
528.955
532.123
531.302
532.218
531.406
531.223
526.432
527.093
528.742
530.289
523.6
525.25
530.857
531.605
531.573
526.054
530.816
530.781
532.295
532.305
531.009
530.097
529.578
528.41
517.947
527.634
530.541
532.144
527.372
525.347
529.969
530.021
528.505
531.954
531.589
532.126
530.899
530.773
531.535
523.155
530.719
531.464
523.847
527.437
529.976
532.171
532.31
519.322
531.195
531.653
531.881
528.882
530.674
530.766
531.724
531.262
528.823
530.694
530.836
531.94
525.728
526.577
531.045
531.979
527.49
531.554
532.377
530.704
531.929
531.883
531.15
530.334
531.527
531.343
524.393
528.356
532.249
531.893
524.648
523.937
531.914
531.806
517.517
529.512
531.186
532.074
532.312
531.435
529.958
529.505
532.643
531.454
525.203
528.604
531.93
531.241
529.399
519.984
528.693
531.149
528.491
531.806
531.64
530.832
531.424
530.846
531.167
529.795
530.476
530.781
526.045
530.673
531.239
531.513
521.673
526.217
530.438
531.802
532.296
522.537
530.475
531.585
531.02
531.831
531.763
526.995
532.15
532.186
531.572
525.991
528.836
530.932
525.404
530.917
530.538
530.785
531.054
531.226
529.54
531.066
532.435
532.202
