31.877
31
50.657
45.889
100.03
117.584
190.42
169.688
205.506
265.046
317.924
338.456
411.812
348.821
415.445
475.93
508.047
469.866
532.4
537.288
530.614
531.077
527.723
530.085
522.576
515.86
532.296
529.4
524.412
517.998
529.02
530.245
531.272
531.877
530.494
518.741
499.895
508.309
530.588
531.848
519.054
511.037
526.947
531.934
493.414
516.781
522.31
531.381
531.38
492.699
509.267
523.162
531.779
531.166
515.706
525.976
531.738
529.696
501.08
508.632
531.162
530.618
524.969
501.621
527.695
530.271
495.748
531.431
529.418
531.459
531.166
503.699
527.501
523.659
530.35
530.934
518.969
514.412
532.168
529.495
504.834
515.346
526.083
531.054
511.352
509.531
529.502
518.179
532.231
531.244
528.139
528.211
530.105
532.334
529.503
526.051
532.285
531.371
532.273
532.049
531.396
531.462
532.185
531.967
529.753
531.59
531.601
511.557
529.662
526.244
527.048
531.639
530.199
527.277
532.009
531.316
525.691
524.856
531.972
531.222
519.943
521.215
530.744
528.874
528.035
517.898
528.3
531.287
531.89
531.985
530.063
529.775
531.383
528.921
