30.856
30.814
30.816
41.486
58.432
95.586
110.7
163.605
194.039
229.195
194.039
274.962
258.269
270.627
258.269
273.979
280.715
273.245
280.715
267.381
280.519
273.79
248.85
262.568
249.823
273.398
273.555
257.119
273.681
274.521
274.381
261.452
274.435
274.102
257.021
258.756
261.625
273.589
277.242
267.344
279.587
270.965
276.27
273.194
256.874
265.301
261.26
272.549
273.323
257.769
276.655
273.907
273.536
258.767
276.84
274.124
248.192
257.903
254.664
272.794
271.355
272.033
274.931
269.841
274.011
271.551
258.354
261.917
258.354
271.739
271.846
254.635
271.846
272.597
273.581
257.854
273.581
271.361
249.392
254.467
249.392
270.748
272.113
271.649
272.113
266.375
273.11
270.775
254.709
257.578
254.709
271.353
271.689
255.002
271.689
272.053
272.44
265.551
272.44
271.164
257.44
270.894
257.44
270.274
276.417
270.445
276.417
264.563
276.866
270.683
259.073
258.748
260.836
271.254
267.996
254.798
267.996
270.833
271.481
256.304
271.481
270.704
258.731
252.926
258.731
269.656
268.088
270.726
268.088
260.828
271.342
269.848
256.319
256.568
