30.965
31.818
43.639
45.116
111.073
97.179
165.831
184.984
257.199
197.16
330.819
321.963
393.971
399.972
469.263
399.972
460.804
499.347
528.329
531.603
525.682
531.58
530.36
530.67
508.542
511.271
531.037
531.525
500.364
528.61
524.72
529.335
529.413
529.984
530.936
524.472
525.791
496.459
530.917
531.25
521.547
530.72
528.23
530.402
530.381
509.483
504.041
515.81
525.737
531.208
506.63
500.23
529.91
516.916
530.487
513.294
530.607
526.962
530.817
499.403
524.141
529.174
531.953
530.777
528.728
524.755
531.712
517.847
527.397
531.663
515.1
530.495
519.422
506.629
530.508
512.922
509.661
531.466
531.088
524.327
530.65
528.478
525.627
526.586
528.913
530.821
519.553
523.264
530.255
528.425
531.02
527.573
510.407
531.146
531.309
529.981
529.626
528.534
530.686
531.416
506.472
528.683
531.126
528.896
522.625
508.808
530.628
530.431
499.544
516.117
531.905
528.689
513.783
503.899
532.432
530.282
505.6
516.108
529.148
530.455
531.736
521.232
530.059
524.414
531.92
531.389
522.873
517.675
532.041
532.699
514.922
524.933
531.27
529.911
532.177
515.938
