30.347
30.567
33.051
42.022
88.32
95.41
155.657
167.525
222.813
235.987
271.052
277.223
277.616
279.356
269.253
273.305
275.546
279.442
263.067
265.427
277.106
279.472
263.616
258.77
275.909
279.373
261.143
262.078
271.348
279.369
266.679
268.03
269.936
279.254
277.849
278.178
277.687
278.514
280.643
278.419
264.157
270.849
266.182
275.338
255.555
258.702
269.45
270.333
256.093
252.918
267.192
269.779
260.812
246.06
265.189
269.937
267.694
269.095
266.632
267.716
264.05
267.992
264.19
264.926
265.472
269.084
262.216
255.579
266.728
268.619
261.878
253.09
269.936
268.957
262.928
255.332
272.712
269.908
260.399
260.685
267.298
268.582
268.302
268.268
268.257
261.41
268.475
265.54
264.068
252.59
262.577
265.797
269.094
249.816
269.205
267.024
269.774
256.813
266.233
267.01
266.587
266.748
265.645
262.758
267.933
266.953
266.382
250.901
272.904
266.646
269.283
249.234
275.587
267.638
273.203
252.539
279.147
267.143
275.43
266.522
276.381
263.519
271.309
266.236
273.596
252.428
272.458
266.05
270.737
250.204
273.062
266.432
273.722
255.675
