31.548
31.329
42.775
44.094
108.811
110.357
184.689
179.233
254.291
252.05
314.918
333.176
404.551
359.971
424.212
463.407
467.956
470.992
501.341
468.69
520.605
528.433
532.357
532.526
532.852
520.871
532.425
532.016
532.133
532.368
532.4
529.621
520.551
531.59
528.787
491.198
502.506
530.002
528.991
531.793
530.096
529.235
520.408
502.527
507.083
529.619
515.221
524.009
530.833
530.077
524.435
511.224
528.755
531.206
531.847
531.123
530.77
527.448
530.728
527.612
529.754
529.404
531.615
530.841
525.514
521.918
528.853
529.767
519.888
524.555
531.837
532.407
531.806
517.555
530.519
531.387
531.566
533.168
530.523
529.816
531.236
531.083
527.034
529.727
532.217
531.211
528.224
527.993
530.44
528.666
513.367
521.369
530.938
528.759
531.195
518.21
528.36
528.982
517.616
531.243
529.712
531.672
531.503
532.076
531.864
521.463
530.594
530.731
529.062
529.378
531.674
531.289
526.217
521.956
530.469
531.339
529.871
524.612
529.912
530.053
518.744
524.522
531.582
529.626
530.569
530.596
530.738
531.279
530.689
531.277
517.799
529.375
530.579
531.078
