30.909
30.849
38.54
30.569
93.279
65.816
160.276
113.311
228.607
217.59
274.206
217.59
274.484
273.452
272.037
273.452
273.667
246.756
265.805
246.756
272.375
272.949
261.726
272.949
273.521
274.512
258.49
257.02
273.78
257.02
267.396
274.015
274.531
274.015
268.905
274.131
273.809
274.131
272.718
252.211
270.338
252.211
272.399
278.821
259.734
278.821
272.53
279.112
258.702
252.315
273.205
258.267
258.266
273.226
272.934
277.569
272.338
272.907
273.156
276.288
271.922
252.22
270.122
257.188
272.248
275.905
260.111
275.905
272.304
278.277
259.328
258.236
272.545
264.455
260.643
272.557
271.502
281.335
271.454
278.649
272.135
284.897
271.424
253.34
269.166
265.041
270.553
272.24
256.276
270.053
271.24
272.506
259.558
261.075
271.755
259.296
267.883
271.574
271.283
271.677
270.86
272.289
269.613
272.281
270.879
249.923
259.117
250.902
270.133
271.297
254.243
271.297
269.979
276.249
261.95
261.821
271.629
267.692
269.831
271.255
269.96
280.682
269.63
272.314
259.855
280.486
269.831
257.937
249.969
258.748
270.129
276.343
248.149
280.682
270.165
276.153
