30.717
30.364
42.346
35.469
95.03
77.22
163.208
118.771
237.14
184.725
270.594
254.684
262.019
258.428
270.272
267.512
269.307
261.833
264.226
265.33
269.668
266.618
258.029
260.895
268.865
265.438
253.093
259.449
268.991
259.449
250.303
254.545
270.359
254.545
253.08
256.524
269.917
256.524
260.821
258.11
270.557
260.113
267.979
265.115
262.803
257.493
266.905
265.518
257.721
264.132
269.022
266.226
251.392
264.711
249.986
256.832
269.792
265.812
267.739
266.912
267.844
266.74
267.335
266.749
257.306
266.535
268.101
266.81
254.366
264.739
269.333
264.739
256.918
264.065
269.284
264.065
263.006
250.374
269.405
250.374
269.981
256.689
266.878
256.689
270.21
263.967
257.548
263.967
269.981
269.5
254.482
257.775
270.767
269.362
255.555
248.675
277.554
274.918
278.707
278.941
276.658
283.466
285.722
285.446
277.245
272.574
306.736
299.109
308.782
308.679
304.853
292.823
319.858
319.056
299.9
285.978
319.656
318.059
295.384
289.216
318.069
315.704
319.629
295.337
311.764
309.917
320.413
319.792
313.302
306.29
323.843
323.081
305.601
298.543
