30.79
30.418
41.76
44.648
106.907
95.024
144.517
181.224
253.926
195.054
297.199
329.32
375.519
396.148
463.328
396.148
462.965
476.776
468.333
531.826
532.066
531.894
531.706
531.894
523.769
509.104
530.294
530.242
512.693
532.156
527.993
499.234
531.131
532.001
503.085
519.311
530.392
519.311
530.828
528.649
531.852
530.877
529.963
531.314
531.082
509.565
517.525
507.83
497.032
528.126
530.594
507.133
523.5
501.552
533.334
531.883
495.464
513.391
530.847
505.589
531.368
522.504
514.2
530.114
530.83
531.633
529.11
504.635
529.816
530.673
496.939
516.186
530.538
531.479
515.288
502.962
528.447
530.569
496.876
509.097
530.743
525.419
531.591
515.587
518.278
530.099
514.356
531.703
525.556
509.448
531.895
530.388
518.539
520.094
520.61
530.934
507.986
493.163
528.036
530.863
512.84
530.632
526.46
530.175
531.458
506.344
531.376
527.151
532.2
531.998
525.926
530.846
532.38
522.886
521.67
531.025
532.163
526.896
531.567
507.46
527.766
527.379
531.391
531.432
507.722
524.511
530.797
528.726
519.629
523.054
529.187
530.933
528.404
528.885
530.835
528.793
