31.045
31.272
38.645
43.67
102.62
112.625
184.495
152.235
257.775
245.488
332.367
314.321
398.559
400.119
428.488
478.19
519.378
521.88
532.491
531.081
530.696
528.977
531.592
530.098
515.337
523.439
530.929
521.982
532.153
510.557
527.391
532.03
531.919
513.488
529.952
513.908
503.56
531.168
526.304
529.593
530.988
500.584
522.083
524.171
531.885
530.547
522.879
528.299
530.106
527.295
529.233
531.045
527.668
531.424
531.143
523.004
529.771
514.247
531.766
531.109
529.71
528.82
531.124
530.337
524.583
525.877
530.608
530.534
515.436
523.173
530.414
532.62
518.525
509.7
532.808
530.76
522.165
531.74
529.215
531.751
531.89
530.873
529.919
528.428
531.623
530.6
523.71
528.138
530.862
531.3
510.616
522.928
529.726
531.532
516.529
508.374
530.299
532.476
506.894
516.296
527.973
530.277
530.695
530.5
526.347
530.693
529.118
530.54
527.057
528.025
532.471
531.618
509.383
522.428
532.19
532.165
515.424
509.345
530.895
530.573
508.494
525.78
529.57
525.735
531.167
528.722
529.87
531.437
530.999
531.26
529.466
531.834
531.196
531.676
