30.926
30.826
40.649
42.425
100.952
110.97
183.762
154.534
207.298
256.597
331.014
311.216
403.372
311.216
417.045
475.297
417.045
475.236
532.006
488.49
529
519.488
532.741
528.806
525.595
530.329
527.075
530.548
526.625
513.594
531.793
531.974
503.021
528.803
529.185
508.934
529.934
515.635
514.405
522.602
531.118
520.1
522.272
515.234
527.314
530.594
531.465
530.488
529.023
497.527
529.833
524.82
499.091
530.993
530.495
509.636
529.349
502.247
502.576
531.132
510.593
520.408
531.142
526.064
517.551
501.99
500.095
530.547
518.909
530.156
531
511.352
530.982
531.623
506.122
530.214
531.456
532.076
529.629
512.744
519.087
528.807
495.672
527.098
530.828
532.138
519.167
500.618
530.671
530.517
502.961
512.885
529.726
522.253
520.267
504.271
531.393
529.85
520.53
530.904
530.174
521.474
531.28
525.748
518.321
524.972
531.903
532.175
525.57
519.786
528.619
531.024
507.916
518.255
528.879
528.756
531.095
521.841
529.407
529.474
528.505
531.143
528.82
531.862
530.873
529.638
524.426
518.41
532.251
530.363
529.313
521.296
527.516
529.148
522.894
525.095
