31.644
31.133
41.944
46.232
96.878
113.739
181.608
159.054
247.359
259.727
327.588
325.584
393.248
404.041
466.046
467.776
520.298
501.304
532.528
530.651
532.014
521.358
531.721
531.272
531.303
525.333
530.522
532.628
494.467
507.977
531.701
530.624
532.012
531.573
521.567
530.867
520.85
530.544
524.902
530.293
531.642
512.837
523.256
527.456
530.25
531.678
531.372
532.045
530.378
517.941
526.435
529.098
531.661
525.875
531.207
531.536
523.665
527.744
530.817
529.613
526.12
523.995
531.135
530.4
526.301
518.664
528.708
527.844
523.791
531.642
529.876
531.201
531.982
531.077
530.283
525.477
529.885
531.278
526.145
523.121
530.48
530.666
531.479
517.487
530.341
531.074
522.442
515.842
531.274
531.053
521.831
532.215
529.68
531.721
532.07
531.373
529.497
526.317
531.663
532.089
522.788
512.79
530.411
531.933
518.855
528.66
529.821
529.729
530.897
511.452
529.553
526.68
530.329
531.232
524.606
531.755
530.712
529.638
525.869
525.062
530.763
530.846
518.541
522.852
531.108
528.676
518.273
521.429
531.019
530.256
532.846
524.345
526.531
530.579
532.987
531.51
