30.901
30.373
33.766
34.745
104.045
75.4
174.372
138.337
247.534
168.91
270.4
260.058
250.169
261.643
271.05
270.378
249.72
269.77
269.605
273.169
251.054
272.628
269.722
260.616
270.204
263.107
263.841
257.373
269.392
265.444
256.597
258.174
269.908
267.672
251.929
259.052
271.248
267.517
246.324
253.237
270.766
267.666
268.579
267.936
269.131
269.205
267.873
269.135
260.67
269.095
267.995
268.991
254.699
267.523
269.656
267.523
254.951
268.573
270.059
268.573
256.206
268.092
270.545
268.092
270.221
267.032
264.613
267.032
269.928
263.762
256.712
263.762
270.774
263.355
253.902
263.355
270.422
262.861
246.488
262.861
270.857
254.619
269.043
254.619
268.123
262.942
270.168
262.942
259.172
264.791
270.371
264.791
250.58
269.14
271.076
269.14
262.677
267.122
277.642
272.249
277.207
277.707
271.35
267.663
285.054
283.281
287.794
276.791
305.271
297.268
306.206
306.176
296.172
286.498
307.733
306.301
288.597
281.566
307.136
304.453
280.432
276.186
310.085
301.832
283.952
276.586
305.648
294.869
311.892
311
299.294
283.276
309.931
308.654
289.099
278.831
