30.481
30.458
41.816
41.622
107.169
93.696
143.131
181.442
254.618
192.059
293.429
329.914
399.36
393.672
462.339
393.672
462.451
481.835
462.451
531.242
518.001
531.112
530.403
531.112
521.219
503.584
514.966
529.987
500.288
531.578
529.033
517.961
519.318
507.296
525.755
525.32
530.87
506.608
529.629
527.692
521.09
531.268
519.37
530.766
529.392
502.825
517.562
507.527
505.631
530.591
512.47
498.368
529.203
497.026
506.578
531.599
523.122
523.737
530.716
498.119
523.599
515.996
495.956
530.498
531.078
531.774
530.526
499.328
518.153
531.069
504.695
531.482
531.226
520.311
530.142
503.205
510.364
531.429
525.151
520.654
530.974
521.159
519.778
494.131
518.638
530.918
501.737
515.157
531.929
510.092
531.566
516.35
528.062
529.965
530.352
531.71
529.89
510.271
532.427
531.018
518.234
526.687
531.075
530.712
518.474
510.492
531.033
530.971
518.632
531.557
530.411
530.684
520.574
504.543
530.763
530.738
530.897
530.808
526.038
531.686
531.155
516.021
521.623
527.766
528.814
532.884
521.503
507.245
531.753
531.785
514.491
529.027
530.082
529.054
521.153
510.549
