31.861
30.881
45.713
41.718
99.138
111.512
177.76
140.594
188.313
258.926
333.977
293.069
397.54
401.033
397.54
475.277
494.012
475.701
532.095
475.701
531.68
523.429
531.68
529.449
508.763
519.645
530.856
519.645
529.807
502.461
495.865
530.649
498.236
531.137
521.941
530.633
503.642
513.002
531.423
530.474
530.708
509.68
530.567
525.812
506.066
531.67
510.771
522.832
531
525.781
498.786
506.118
494.311
530.641
511.166
495.991
523.121
531.191
497.818
500.21
529.535
524.424
531.426
503.46
529.011
526.653
502.626
531.078
525.948
519.02
530.91
500.582
516.19
513.452
518.888
530.919
531.43
512.49
529.655
530.787
505.092
525.459
531.085
521.94
531.399
514.036
523.935
528.169
494.313
530.904
506.058
523.476
531.614
535.171
531.14
532.904
517.435
531.794
526.472
532.223
530.29
522.093
531.507
531.613
526.43
528.653
530.97
530.927
523.515
529.962
531.62
531.822
500.443
519.15
530.598
530.889
516.105
505.707
530.138
528.457
504.003
512.826
528.178
531.176
531.49
525.106
530.89
526.66
530.374
530.741
523.988
530.36
533.029
531.53
