30.804
30.828
42.535
48.637
114.461
102.172
154.985
187.865
259.782
208.681
312.393
331.905
312.393
404.563
475.901
424.373
476.144
454.461
488.965
531.489
525.992
531.952
531.195
536.005
532.058
531.96
531.918
527.377
509.18
524.515
530.682
527.447
528.812
502.393
507.915
528.159
515.944
531.027
522.516
523.955
528.843
530.4
521.508
528.761
530.992
528.958
530.337
530.996
495.172
531.885
515.003
530.064
529.123
498.179
509.464
530.256
498.895
527.501
530.584
500.398
521.573
516.883
518.984
530.652
507.182
516.833
531.279
501.625
531.162
532.042
516.626
530.523
531.371
532.307
530.708
496.155
531.707
531.083
510.91
524.44
530.78
530.915
515.681
501.299
530.937
531.032
505.586
518.071
531.544
531.179
531.109
510.039
518.376
530.954
528.428
530.711
526.516
524.595
531.936
531.951
518.151
523.517
530.511
531.767
514.418
500.761
530.768
530.619
510.858
525.143
529.093
531.361
531.208
499.02
531.633
520.234
520.212
531.121
519.124
524.695
531.51
510.749
517.621
527.728
529.973
530.921
531.333
514.007
530.98
516.292
531.232
530.908
530.516
525.626
