30.436
30.953
35.316
38.513
76.704
98.288
134.094
168.747
166.083
239.583
261.013
270.3
249.672
258.239
260.013
271.229
267.9
269.349
269.899
268.445
269.785
269.491
252.371
263.873
268.471
269.922
268.832
257.492
267.648
271.468
269.309
252.434
267.179
270.199
263.855
253.719
264.359
270.2
259.751
259.951
262.715
269.569
268.031
254.081
259.902
268.047
266.909
269.387
257.091
263.861
264.098
270.064
253.306
256.577
257.444
269.782
252.921
250.971
252.921
270.252
261.129
254.928
261.129
270.545
267.222
267.983
264.635
270.439
269.032
269.252
269.523
264.642
268.954
269.002
268.954
254.744
271.099
273.154
267.323
261.563
276.608
280.247
256.394
268.112
275.851
284.469
291.856
293.901
281.09
279.576
294.97
298.063
278.258
278.281
294.686
301.612
272.997
275.837
283.345
302.62
276.899
304.623
272.684
290.433
306.665
307.849
269.534
285.146
308.266
312.06
279.125
284.088
304.34
310.911
282.896
294.217
298.571
312.48
320.553
321.034
295.355
307.361
320.043
320.611
296.936
303.821
324.131
325.47
330.052
330.505
324.62
326.788
332.224
332.592
