30.586
30.88
40.522
40.94
109.462
96.906
159.433
179.34
256.773
243.88
325.615
325.953
401.933
393.118
469.63
457.967
493.735
522.737
530.674
532.085
521.65
530.528
530.336
527.59
528.98
531.949
530.903
527.866
507.975
497.648
522.218
530.486
530.631
531.879
531.792
523.005
526.382
518.689
529.194
529.373
503.001
531.062
529.464
526.431
530.854
524.487
527.247
529.841
506.224
531.093
520.92
515.308
528.383
531.16
532.18
531.924
531.845
527.705
530.935
515.134
530.104
529.631
529.084
531.444
524.583
529.265
531.434
517.284
524.278
529.001
530.696
530.943
528.093
524.983
531.876
528.61
531.572
531.386
530.458
530.057
531.03
531.88
529.048
531.684
530.935
530.913
512.702
530.658
531.544
530.832
525.042
515.147
531.091
530.22
520.453
521.414
531.293
531.9
525.451
531.624
530.563
529.186
531.582
531.905
528.89
530.204
530.825
531.047
527.495
522.574
529.468
530.346
522.874
509.942
527.541
530.315
526.333
515.581
530.854
530.273
531.796
517.423
530.385
529.424
522.28
531.775
527.171
531.175
532.136
530.861
530.101
527.685
530.902
532.098
