31.745
31.185
42.321
33.714
79.45
103.486
152.348
171.691
186.983
243.858
219.764
269.009
232.825
246.805
255.292
270.368
272.189
250.372
270.597
269.512
270
265.204
267.697
269.191
271.278
268.417
270.315
268.201
272.751
268.709
270.723
259.539
263.432
268.444
256.004
250.875
268.001
268.484
268.001
247.899
269.665
269.192
270.008
256.087
264.963
268.821
270.358
267.99
269.411
267.87
274.99
267.096
250.621
260.024
267.049
267.77
267.049
253.574
269.525
268.485
269.525
248.423
260.255
268.5
259.419
242.706
265.464
268.627
265.897
266.912
246.352
267.226
261.497
266.536
261.497
264.314
267.944
266.786
267.944
253.926
263.542
267.593
263.542
248.257
266.263
266.952
266.263
253.976
266.88
268.361
266.88
266.364
265.424
266.195
264.993
266.378
264.993
259.363
248.18
265.396
248.18
254.097
259.628
266.935
259.628
247.325
264.245
267.387
259.145
243.961
259.145
266.249
263.961
255.208
263.961
266.564
246.968
265.28
246.968
261.386
260.433
266.024
260.433
254.319
265.053
266.073
262.257
248.583
262.257
267.128
265.795
251.825
265.795
266.179
