30.958
30.896
45.258
41.599
99.255
114.386
184.485
150.156
200.327
258.12
331.649
301.472
401.177
301.472
406.241
474.209
476.832
475.277
532.082
475.277
531.388
531.913
536.741
530.385
511.64
531.528
530.27
531.528
531.354
502.249
531.354
529.675
506.838
532.221
523.933
528.878
536.077
504.55
521.964
523.535
528.804
523.535
531.437
531.253
536.712
531.584
522.39
530.347
529.801
498.436
526.725
502.411
498.184
529.99
529.29
500.91
522.626
526.121
509.018
530.44
503.282
522.681
530.197
505.33
530.286
518.138
498.125
530.342
530.603
530.646
529.89
494.616
510.346
531.249
494.677
530.742
530.385
531.868
527.534
500.207
505.369
531.435
520.288
523.34
530.971
532.05
514.534
502.201
505.078
531.655
502.733
514.309
531.105
530.7
530.934
525.043
510.927
531.267
520.37
531.703
526.567
530.481
531.974
532.038
511.126
528.438
531.664
530.759
520.648
501.994
532.179
530.651
505.642
519.119
530.538
531.328
508.26
502.034
531.803
529.722
508.825
530.914
529.252
531.347
531.154
519.593
531.393
522.884
528.532
530.221
523.853
514.77
531.51
530.529
