31.058
30.723
42.123
41.595
54.607
95.582
101.744
165.996
195.437
236.674
195.437
270.033
251.626
254.759
251.626
269.471
267.804
268.713
269.375
263.843
274.84
268.397
264.611
261.779
270.532
268.541
270.341
254.973
275.544
268.815
275.234
250.964
279.826
269.451
265.947
245.295
271.7
269.541
268.837
248.901
264.883
266.341
264.883
267.91
267.223
266.996
267.223
267.494
269.118
257.859
269.043
266.951
266.142
250.704
266.142
269.116
265.698
250.559
266.7
268.7
267.938
246.433
267.17
267.395
267.17
266.721
264.711
266.228
264.711
266.305
267.271
257.33
267.271
267.043
267.491
254.102
267.491
267.809
264.241
250.249
264.734
267.254
265.152
256.06
268.572
267.152
268.572
267.685
266.733
265.296
266.733
267.124
265.885
257.312
265.885
266.226
257.377
251.835
259.231
265.635
261.732
249.328
258.923
267.396
259.57
253.556
255.845
266.556
255.845
266.092
258.426
265.934
260.543
265.304
263.646
257.043
264.566
265.736
264.597
250.961
264.766
266.35
264.766
245.775
266.378
266.003
259.529
248.859
261.325
266.841
262.823
266.028
264.902
266.527
265.556
266.129
