30.9
30.836
42.704
43.183
104.729
111.85
187.046
163.884
217.778
261.043
232.435
332.121
403.933
332.121
437.156
477.091
437.156
477.358
527.726
475.506
513.317
475.506
527.125
530.266
516.101
525.638
529.701
525.125
530.444
531.07
530.444
530.152
521.15
534.533
526.15
534.533
527.083
503.534
507.376
526.356
531.055
534.495
520.159
503.634
528.117
529.831
511.992
520.638
531.143
528.213
530.285
529.955
502.512
529.6
530.714
532.626
529.817
503.797
517.28
529.305
502.165
527.209
531.951
531.861
516.065
498.045
518.62
529.379
502.999
512.368
530.139
507.909
531.24
532.069
510.32
530.526
531.084
531.779
526.042
490.547
531.882
531.492
501.885
524.021
531.458
531.377
513.658
501.333
527.939
530.873
501.767
514.126
532.007
530.562
531.079
511.185
514.711
531.045
513.481
531.117
525.424
528.637
531.137
530.287
509.164
520.464
528.302
530.925
518.963
509.789
527.542
530.502
503.681
520.015
530.694
525.584
531.063
510.079
531.804
512.63
525.634
531.471
518.458
528.118
531.192
529.601
533.753
521.367
530.775
531.485
531.433
521.103
529.411
530.918
531.657
531.653
