30.814
30.506
40.923
33.494
96.511
69.625
169.974
128.014
241.248
204.726
270.568
258.221
255.908
266.201
270.3
268.379
269.976
270.476
267.418
268.948
270.06
256.131
260.37
267.322
270.395
269.242
253.075
255.835
280.067
277.691
255.774
264.826
276.173
265.995
258.341
261.787
276.211
268.601
275.755
273.897
273.343
265.455
276.223
273.771
261.377
265.323
277.829
272.263
256.156
266.739
276.148
270.034
255.255
263.396
277.14
268.475
275.639
273.924
275.907
268.371
276.954
275.319
265.3
264.578
277.947
273.773
258.586
263.986
281.75
277.328
263.966
268.722
282.01
275.652
281.073
280.294
282.281
274.035
285.124
283.932
272.32
266.89
287.104
284.31
264.936
265.544
291.148
284.525
279.481
273.381
292.874
282.382
292.54
280.508
282.648
267.01
297.226
295.212
278.617
274.094
300.476
296.924
275.345
276.462
302.593
294.696
295.9
274.222
297.045
276.233
310.002
306.373
287.694
269.514
311.201
308.844
286.582
282.155
316.487
309.178
320.666
287.824
315.458
308.814
321.315
320.074
309.943
302.73
328.46
327.923
316.787
309.405
330.11
329.366
333.357
333.615
