30.729
30.386
41.798
39.485
94.128
63.775
165.678
113.965
235.007
220.797
270.623
228.514
270.545
268.721
270.41
268.721
270.62
263.906
263.33
263.906
270.253
254.844
253.942
246.874
270.01
268.723
251.653
250.847
270.612
260.781
263.864
265.43
270.12
265.43
269.544
269.819
270.229
269.819
268.398
267.979
268.457
268.274
268.197
265.311
257.098
265.311
268.672
260.573
250.676
267.183
267.341
263.577
250.032
265.996
267.552
264.087
247.75
265.594
267.374
272.609
266.607
275.268
266.426
274.07
267.193
272.768
255.794
264.893
266.913
264.044
249.224
264.923
267.588
263.306
252.523
260.086
267.897
257.237
259.033
258.299
266.919
260.569
266.169
261.298
263.947
262.933
265.7
264.386
253.845
262.589
265.385
264.569
246.537
268.447
265.645
271.309
245.936
270.545
266.152
272.887
266.014
274.043
264.014
277.747
264.763
275.077
257.513
276.474
264.987
280.244
249.441
281.411
265.508
281.855
249.04
282.367
265.8
286.584
248.255
284.082
266.301
285.217
265.498
285.884
264.735
288.983
265.39
289.993
257.334
286.41
265.297
285.961
248.936
290.802
266.838
291.443
