30.94
30.506
41.591
41.481
97.485
108.894
183.084
148.724
201.99
254.958
329.59
301.444
401.753
301.444
413.528
475.326
473.583
475.246
531.948
475.246
532.09
531.057
537.482
532.166
515.285
531.75
530.66
531.75
525.805
503.179
530.07
531.251
496.344
532.101
527.466
520.586
529.209
497.778
522.388
524.021
530.503
524.021
530.095
530.787
536.147
530.804
515.421
531.973
530.195
501.763
525.671
502.043
507.925
530.175
530.681
505.131
527.053
498.883
510.825
530.276
502.381
521.145
530.867
506.338
522.617
512.046
504.185
530.899
530.753
530.851
530.119
495.42
532.148
531.067
493.33
528.099
530.729
531.76
520.378
495.429
532.191
530.47
496.158
511.575
531.592
530.016
507.713
497.289
522.241
531.094
531.423
531.108
529.101
510.184
530.862
519.181
513.11
526.196
531.644
532.17
520.798
509.432
532.007
529.743
513.038
519.658
529.72
531.032
518.417
503.879
529.595
529.394
523.703
531.139
529.538
531.91
531.261
513.814
530.519
520.974
530.36
531.42
523.405
513.093
531.104
531.407
520.323
530.243
527.82
531.484
528.538
512.146
530.24
529.192
