30.34
30.807
34.775
42.795
77.239
92.435
146.595
167.028
198.236
239.833
253.504
270.681
246.115
256.977
241.48
271.238
263.882
269.536
267.774
266.904
269.345
269.307
269.952
259.837
270.701
269.942
255.294
253.17
265.227
269.942
251.429
249.06
259.52
271.072
259.759
256.401
259.759
270.184
267.633
268.752
267.821
269.928
267.812
269.187
268.802
266.368
268.159
268.667
269.03
255.728
267.351
268.609
268.714
250.546
265.652
268.393
268.45
249.996
263.936
268.223
268.156
262.119
262.136
267.772
267.868
269.822
257.147
265.968
268.337
269.421
251.059
257.529
266.343
270.114
257.91
254.596
265.865
271.024
250.632
247.98
257.488
270.762
267.939
269.515
265.996
269.698
268.716
269.653
269.17
267.269
269.283
269.13
269.283
258.44
268.037
270.67
268.037
251.01
266.306
270.679
266.306
253.87
255.978
270.075
255.978
259.726
265.652
269.488
265.652
269.87
269.276
269.106
269.276
270.23
267.764
258.286
267.764
268.477
260.083
251.423
260.083
270.882
260.782
250.023
263.268
269.018
269.256
244.62
269.172
269.012
270.259
269.507
256.913
268.058
266.854
270.396
