30.38
30.858
35.4
43.695
76.108
96.791
132.489
166.265
215.561
239.373
237.389
268.529
268.461
256.54
268.96
268.677
270.47
270.516
257.172
266.305
243.44
270.822
249.259
259.268
265.867
270.384
269.001
256.319
269.569
270.81
265.339
250.366
268.856
271.112
263.053
262.421
268.34
269.437
262.922
264.613
266.691
269.918
267.839
268.694
264.025
260.969
267.468
268.002
264.677
255.184
266.687
268.649
260.473
253.231
263.878
268.995
265.412
262.966
266.224
267.888
268.985
270.313
268.985
266.504
267.9
270.219
267.9
258.265
269.882
271.486
269.882
250.402
269.49
271.047
261.364
245.254
268.992
271.266
255.927
261.06
268.819
270.591
268.819
268.865
267.806
265.222
267.806
268.203
265.691
255.419
266.164
270.039
264.246
252.581
265.717
268.85
249.584
265.818
255.738
268.326
269.423
269.879
267.977
265.47
270.56
269.531
255.18
260.782
268.32
270.17
247.469
253.552
274.077
276.614
274.471
279.12
286.74
286.858
289.965
290.985
276.995
280.493
305.975
311.173
312.374
312.641
296.835
309.528
322.651
323.189
288.438
300.42
321.98
322.849
295.635
306.124
