30.743
30.887
46.852
42.568
101.17
111.754
184.615
154.121
208.517
256.705
331.205
312.42
402.839
323.465
423.719
475.787
423.719
476.161
532.078
481.076
532.172
522.148
534.4
532.205
531.578
532.145
530.262
532.122
522.085
506.459
522.085
530.521
503.248
532.311
528.591
500.854
531.222
507.454
526.148
520.785
531.134
528.324
523.33
517.944
528.716
530.633
530.775
530.257
530.642
499.894
530.84
519.482
519.7
529.302
530.74
507.312
527.754
499.484
497.311
531.415
508.551
521.527
531.466
528.047
514.971
509.533
509.714
531.515
528.522
530.632
530.657
512.083
531.101
531.401
494.825
531.306
530.863
532.214
527.264
506.663
531.497
531.032
489.423
523.426
530.662
530.479
521.156
506.711
527.099
530.976
510.333
522.535
530.731
522.175
531.1
527.697
507.897
531.392
526.227
531.645
528.318
522.081
532.411
532.313
507.856
522.355
531.124
532.338
531.402
516.676
531.083
530.009
502.167
515.613
529.926
531.588
531.073
531.101
531.189
528.476
512.904
529.339
527.881
531.354
530.562
531.803
509.125
521.515
529.371
529.771
531.186
520.242
530.935
531.183
