30.935
30.485
30.625
39.532
65.725
93.512
113.658
163.067
218.584
231.985
218.584
274.701
273.226
274.802
273.226
273.733
253.389
268.262
253.389
269.335
274.653
273.133
274.653
256.926
274.391
273.53
251.266
256.164
251.266
273.602
274.5
259.202
274.5
273.779
274.248
263.295
274.248
273.551
252.539
264.104
252.539
273.143
279.048
272.684
279.048
270.049
279.628
272.927
249.669
263.685
256.457
271.244
269.6
257.105
272.895
272.841
273.582
260.795
276.882
272.92
260.663
253.116
265.577
272.554
272.641
271.681
274.255
272.858
271.908
271.441
256.276
266.853
256.276
271.266
272.672
261.132
272.672
272.679
273.088
255.502
273.088
272.2
253.779
251.292
253.779
272.662
270.158
257.245
272.707
271.665
275.994
271.734
259.52
270.175
261.164
271.136
273.795
263.003
273.795
270.584
277.427
258.704
277.427
271.173
260.01
252.325
267.005
271.21
269.179
246.427
271.947
269.987
274.695
266.452
259.085
270.22
265.936
269.216
274.896
266.307
279.532
270.068
277.476
259.683
281.787
270.165
254.662
255.542
270.993
270.182
274.913
248.945
272.701
270.546
280.999
247.468
