30.38
30.802
38.68
39.683
55.642
99.491
124.582
168.878
223.578
239.985
253.653
271.303
269.658
249.814
272.615
271.272
268.174
249.241
269.759
269.791
270.192
274.488
254.571
264.077
269.815
275.63
272.054
260.803
277.005
277.318
257.924
254.506
267.038
278.178
265.291
263.573
278.249
277.946
283.464
271.638
268.54
269.488
272.737
268.427
272.416
267.284
273.763
267.443
272.4
257.014
270.092
267.271
267.776
252.837
270.002
269.145
272.395
245.59
266.776
269.059
266.053
245.431
268.229
269.245
268.125
268.378
265.051
265.977
266.894
268.128
271.227
258.477
270.464
267.182
264.572
253.534
267.935
268.998
268.131
247.716
269.054
266.72
261.427
248.568
268.053
266.77
268.858
266.308
268.212
265.996
267.651
266.574
265.305
257.97
266.138
266.289
266.219
247.435
268.282
266.94
268.916
247.67
271.201
266.408
265.563
258.74
262.783
266.171
264.518
266.731
261.891
263.759
263.308
267.017
259.832
251.371
259.832
265.94
257.887
246.907
257.887
267.201
264.278
242.844
271.915
267.096
272.713
265.371
275.533
265.071
278.406
266.23
281.683
261.114
