30.879
30.905
37.865
38.903
84.953
93.626
110.113
163.727
200.126
234.042
269.646
270.559
274.637
273.952
256.609
270.738
250.375
272.366
266.934
261.456
273.089
273.194
273.448
257.514
274.039
273.902
260.531
252.685
260.531
274.197
272.941
256.997
278.398
273.346
279.075
272.115
253.159
272.261
252.222
271.444
274.922
265.71
273.738
272.807
278.014
259.875
273.969
272.76
261.254
258.391
264.063
272.635
276.417
268.074
273.949
272.448
275.732
271.295
257.743
269.055
258.709
271.176
268.067
258.443
270.242
272.635
272.118
252.673
272.939
271.837
250.572
254.278
252.637
271.063
270.94
270.827
273.04
270.579
272.484
270.75
263.289
263.389
262.898
270.595
267.39
255.014
274
271.158
272.712
256.861
271.638
270.831
251.902
249.322
261.465
269.488
271.54
271.5
266.59
260.345
272.136
269.982
263.043
253.625
263.107
271.217
269.171
250.314
269.263
270.224
276.505
251.088
272.085
269.149
270.182
269.966
265.144
262.882
271.65
269.757
273.592
253.129
273.116
269.554
271.05
249.553
261.219
270.173
267.939
245.425
270.002
269.417
274.668
268.485
270.478
265.32
