30.934
30.331
43.574
34.986
94.703
72.209
166.214
143.54
239.112
216.371
269.394
253.207
257.571
268.744
270.507
268.073
265.56
270.268
269.935
246.317
270.755
250.796
264.035
264.896
269.563
267.099
259.15
270.008
269.882
270.102
253.485
270.063
269.794
269.686
252.746
269.724
270.539
270.115
247.574
265.53
270.347
269.594
269.994
263.507
269.589
266.848
268.771
268.635
264.653
263.807
267.492
267.437
255.873
262.123
270.403
266.871
252.996
258.285
270.471
267.073
255.037
267.945
268.249
265.317
269.443
268.657
267.833
263.283
269.868
269.436
260.813
253.902
269.902
268.168
253.935
248.267
270.159
266.42
248.542
254.016
269.861
264.154
257.834
252.35
270.835
252.35
270.143
269.266
270.899
269.266
270.108
269.827
265.286
269.827
269.441
268.205
256.965
268.205
274.649
273.053
258.449
273.946
281.186
278.569
291.101
289.268
286.36
276.973
302.883
301.086
299.878
291.431
315.858
310.83
320.659
320.707
311.024
298.016
324.381
323.481
303.166
295.71
325.721
324.654
321.308
307.807
330.647
328.267
334.246
334.339
327.256
325.178
335.014
333.75
