30.822
30.465
42.663
35.399
95.382
70.742
166.181
151.051
238.203
167.057
269.784
262.255
261.846
252.203
269.75
258.418
270.729
267.216
260.197
249.281
269.9
266.213
254.332
268.748
270.673
269.757
254.205
269.574
270.824
264.755
260.336
268.585
270.728
263.016
269.944
268.253
269.589
261.641
269.639
268.051
260.52
255.269
269.957
267.909
254.45
268.065
269.016
268.532
254.653
268.491
268.972
268.63
269.09
268.885
267.172
268.964
269.139
268.537
258.627
269.231
269.093
269.215
253.107
269.939
268.991
269.672
257.175
269.521
268.256
269.132
265.594
269.586
268.3
269.103
269.539
269.839
263.494
262.69
269.453
267.458
257.349
251.195
270.204
259.25
255.444
257.166
270.458
257.166
263.406
268.943
270.043
268.943
269.919
269.691
267.291
269.691
269.283
269.819
256.508
265.916
270.515
270.772
251.852
253.845
270.9
264.804
247.282
245.793
270.912
248.325
269.86
265.682
268.986
267.686
271.952
272.221
259.566
278.92
278.631
276.883
273.458
270.67
289.848
281.412
298.021
296.986
288.151
286.193
307.629
305.31
290.682
283.254
309.106
302.513
