30.628
30.89
42.744
37.808
99.216
111.9
167.78
184.004
237.937
223.372
283.958
319.865
402.618
366.729
438.933
472.847
528.331
472.847
532.184
531.54
532.125
531.584
532.426
523.237
519.365
508.455
529.927
530.039
497.917
507.781
528.816
531.099
525.303
530.155
526.916
531.299
513.367
530.505
529.288
495.552
531.882
531.41
527.244
527.545
530.191
529.93
521.158
503.362
530.448
529.829
507.892
519.579
530.706
531.297
516.44
506.625
528.749
529.447
508.14
522.101
529.246
531.099
530.864
531.733
531.886
528.616
525.878
530.99
528.359
531.059
531.162
530.867
519.966
523.723
529.188
532.547
523.147
517.563
528.74
529.901
515.79
532.639
529.036
529.645
531.53
529.109
528.687
528.492
529.545
531.446
529.221
530.484
530.071
529.888
517.081
524.032
532.218
532.422
523.927
521.291
530.112
528.683
531.832
531.712
527.859
529.001
531.641
532.598
525.123
528.213
530.835
531.221
527.227
524.928
531.754
532.161
520.493
519.924
531.838
532.439
522.846
521.359
529.585
528.114
532.378
532.003
531.628
529.669
532.016
532.81
530.903
525.917
529.099
531.506
