30.528
30.836
44.839
41.983
88.066
106.867
184.122
137.345
185.492
257.758
329.991
287.846
376.696
404.382
376.696
443.164
478.251
445.803
530.775
445.803
525.226
512.778
529.706
528.886
502.595
530.46
529.38
526.97
531.456
500.361
529.689
522.115
529.675
508.092
530.709
531.7
530.709
531.428
520.141
536.764
530.654
506.426
522.948
513.4
525.643
530.408
505.444
505.419
529.625
521.274
496.353
505.788
531.047
522.277
530.79
498.77
530.148
527.53
509.286
530.603
521.897
525.145
531.935
498.109
499.893
511.348
505.036
530.95
531.472
513.959
528.923
509.178
492.88
522.968
529.329
520.783
530.728
530.3
522.826
513.86
496.071
531.778
507.989
519.315
530.936
529.871
517.16
529.676
513.093
532.337
531.69
532.516
526.975
522.237
530.691
531.779
507.357
527.414
531.499
531.801
514.826
499.079
529.117
530.428
507.359
517.506
528.951
531.036
531.13
505.19
530.008
529.979
509.322
530.536
525.902
530.33
532.031
531.82
514.922
524.952
530.436
532.01
531.534
516.798
530.315
530.192
511.913
531.069
530.666
529.247
530.812
529.129
527.231
529.651
528.688
530.219
