31.453
31.267
42.996
47.572
89.65
107.04
185.24
154.934
204.302
261.769
335.307
319.357
379.134
387.527
379.134
459.891
531.964
490.053
514.659
537.644
532.854
524.461
532.854
532.056
532.277
525.037
531.828
532.592
530.123
504.492
531.37
522.998
531.189
531.498
524.198
531.787
499.912
527.656
530.601
530.687
531.151
530.931
531.363
528.066
528.926
531.053
526.247
532.296
531.135
529.748
491.739
508.993
531.735
525.429
530.211
517.872
523.066
532.093
491.156
515.297
526.409
523.034
531.108
520.367
525.516
527.716
515.429
530.551
526.939
524.67
530.749
525.878
511.721
523.404
527.006
531.187
530.446
515.12
530.777
503.632
528.817
530.764
529.915
529.1
531.49
513.034
521.258
522.836
528.943
530.512
520.555
524.886
531.307
531.964
511.202
503.891
530.073
531.948
531.886
532.191
529.816
529.646
532.241
519.002
529.154
529.349
530.598
530.471
521.156
531.791
532.004
531.697
512.928
523.442
530.866
528.798
529.995
526.63
530.549
528.828
515.39
521.548
530.314
529.012
531.113
531.827
531.489
530.647
529.636
531.22
531.635
529.742
531.128
529.42
