30.498
30.882
39.893
30.507
93.331
59.849
160.755
118.593
225.706
195.685
273.992
208.225
260.261
254.626
264.686
262.293
273.758
280.171
253.226
284.646
274.377
280.789
257.163
255.59
273.889
257.936
272.97
273.415
273.945
273.7
273.028
274.324
268.842
277.917
272.36
257.771
258.684
262.048
272.55
277.099
252.409
280.456
273.017
280.501
258.485
253.179
273.59
263.975
271.696
273.424
272.271
272.354
272.026
272.799
266.272
272.809
272.371
264.605
255.758
263.105
271.831
268.73
249.573
268.73
273.725
280.906
